t ax ay bx by avy bvy sep a1x a1y a1vy
0.0000 -5.0000 0.0000 5.0000 0.2000 -0.1823 0.1823 10.0020 -5.0000 0.0000 -0.1823
0.1000 -4.8966 -0.0182 4.8966 0.2182 0.0018 -0.0018 9.7960 -4.8966 -0.0182 -0.1823
0.2000 -4.7966 -0.0180 4.7966 0.2180 -0.1823 0.1823 9.5961 -4.7932 -0.0365 -0.1823
0.3000 -4.6932 -0.0363 4.6932 0.2363 0.0037 -0.0037 9.3903 -4.6898 -0.0547 -0.1823
0.4000 -4.5932 -0.0359 4.5932 0.2359 -0.1823 0.1823 9.1904 -4.5864 -0.0729 -0.1823
0.5000 -4.4898 -0.0541 4.4898 0.2541 0.0057 -0.0057 8.9849 -4.4830 -0.0912 -0.1823
0.6000 -4.3898 -0.0536 4.3898 0.2536 -0.1823 0.1823 8.7849 -4.3796 -0.1094 -0.1823
0.7000 -4.2864 -0.0718 4.2864 0.2718 0.0077 -0.0077 8.5796 -4.2762 -0.1276 -0.1823
0.8000 -4.1864 -0.0710 4.1864 0.2710 -0.1823 0.1823 8.3798 -4.1728 -0.1459 -0.1823
0.9000 -4.0830 -0.0893 4.0830 0.2893 0.0098 -0.0098 8.1747 -4.0694 -0.1641 -0.1823
1.0000 -3.9830 -0.0883 3.9830 0.2883 -0.1823 0.1823 7.9749 -3.9660 -0.1823 -0.1823
1.1000 -3.8796 -0.1065 3.8796 0.3065 0.0120 -0.0120 7.7701 -3.8625 -0.2006 -0.1823
1.2000 -3.7796 -0.1053 3.7796 0.3053 -0.1823 0.1823 7.5703 -3.7591 -0.2188 -0.1823
1.3000 -3.6762 -0.1235 3.6762 0.3235 0.0142 -0.0142 7.3659 -3.6557 -0.2370 -0.1823
1.4000 -3.5762 -0.1221 3.5762 0.3221 -0.1823 0.1823 7.1662 -3.5523 -0.2553 -0.1823
1.5000 -3.4728 -0.1404 3.4728 0.3404 0.0166 -0.0166 6.9622 -3.4489 -0.2735 -0.1823
1.6000 -3.3728 -0.1387 3.3728 0.3387 -0.1823 0.1823 6.7625 -3.3455 -0.2917 -0.1823
1.7000 -3.2694 -0.1569 3.2694 0.3569 0.0190 -0.0190 6.5590 -3.2421 -0.3100 -0.1823
1.8000 -3.1694 -0.1550 3.1694 0.3550 -0.1823 0.1823 6.3593 -3.1387 -0.3282 -0.1823
1.9000 -3.0660 -0.1733 3.0660 0.3733 0.0215 -0.0215 6.1563 -3.0353 -0.3464 -0.1823
2.0000 -2.9660 -0.1711 2.9660 0.3711 -0.1823 0.1823 5.9568 -2.9319 -0.3647 -0.1823
2.1000 -2.8626 -0.1894 2.8626 0.3894 0.0241 -0.0241 5.7544 -2.8285 -0.3829 -0.1823
2.2000 -2.7627 -0.1869 2.7627 0.3869 -0.1823 0.1823 5.5550 -2.7251 -0.4011 -0.1563
2.3000 -2.6593 -0.2052 2.6593 0.4052 0.0268 -0.0268 5.3534 -2.6365 -0.4168 -0.1563
2.4000 -2.5593 -0.2025 2.5593 0.4025 -0.2329 0.2329 5.1542 -2.5478 -0.4324 -0.1563
2.5000 -2.4724 -0.2258 2.4724 0.4258 0.0302 -0.0302 4.9875 -2.4592 -0.4480 -0.1563
2.6000 -2.3724 -0.2228 2.3724 0.4228 -0.2329 0.2329 4.7885 -2.3706 -0.4636 -0.1563
2.7000 -2.2855 -0.2461 2.2855 0.4461 0.0338 -0.0338 4.6230 -2.2819 -0.4793 -0.1563
2.8000 -2.1855 -0.2427 2.1855 0.4427 -0.1823 0.1823 4.4245 -2.1933 -0.4949 -0.1563
2.9000 -2.0821 -0.2609 2.0821 0.4609 0.0368 -0.0368 4.2263 -2.1047 -0.5105 -0.1563
3.0000 -1.9822 -0.2572 1.9822 0.4572 -0.2329 0.2329 4.0282 -2.0160 -0.5262 -0.1563
3.1000 -1.8953 -0.2805 1.8953 0.4805 0.0407 -0.0407 3.8662 -1.9274 -0.5418 -0.1563
3.2000 -1.7953 -0.2765 1.7953 0.4765 -0.1823 0.1823 3.6688 -1.8388 -0.5574 -0.1563
3.3000 -1.6919 -0.2947 1.6919 0.4947 0.0440 -0.0440 3.4747 -1.7501 -0.5730 -0.1563
3.4000 -1.5920 -0.2903 1.5920 0.4903 -0.2329 0.2329 3.2784 -1.6615 -0.5887 -0.1563
3.5000 -1.5051 -0.3136 1.5051 0.5136 0.0482 -0.0482 3.1218 -1.5729 -0.6043 -0.1563
3.6000 -1.4052 -0.3088 1.4052 0.5088 -0.1823 0.1823 2.9269 -1.4842 -0.6199 -0.1563
3.7000 -1.3018 -0.3270 1.3018 0.5270 0.0518 -0.0518 2.7401 -1.3956 -0.6356 -0.1563
3.8000 -1.2019 -0.3218 1.2019 0.5218 -0.2329 0.2329 2.5476 -1.3070 -0.6512 -0.1563
3.9000 -1.1150 -0.3451 1.1150 0.5451 0.0564 -0.0564 2.4012 -1.2183 -0.6668 -0.1563
4.0000 -1.0152 -0.3395 1.0152 0.5395 -0.1823 0.1823 2.2124 -1.1297 -0.6824 -0.1563
4.1000 -0.9118 -0.3577 0.9118 0.5577 0.0604 -0.0604 2.0404 -1.0411 -0.6981 -0.1563
4.2000 -0.8119 -0.3517 0.8119 0.5517 -0.2329 0.2329 1.8583 -0.9524 -0.7137 -0.1563
4.3000 -0.7250 -0.3750 0.7250 0.5750 0.0654 -0.0654 1.7335 -0.8638 -0.7293 -0.1563
4.4000 -0.6252 -0.3684 0.6252 0.5684 -0.1823 0.1823 1.5625 -0.7752 -0.7450 -0.0915
4.5000 -0.5218 -0.3867 0.5218 0.5867 0.0699 -0.0699 1.4271 -0.6706 -0.7541 -0.0915
4.6000 -0.4221 -0.3797 0.4221 0.5797 -0.1823 0.1823 1.2779 -0.5660 -0.7633 -0.0915
4.7000 -0.3187 -0.3979 0.3187 0.5979 0.0746 -0.0746 1.1823 -0.4614 -0.7724 -0.0784
4.8000 -0.2189 -0.3905 0.2189 0.5905 -0.1823 0.1823 1.0742 -0.3717 -0.7802 -0.0784
4.9000 -0.1155 -0.4087 0.1155 0.6087 0.0796 -0.0796 1.0433 -0.2821 -0.7881 -0.0784
5.0000 -0.0159 -0.4007 0.0159 0.6007 -0.0915 0.0915 1.0020 -0.1924 -0.7959 -0.0784
5.1000 0.0887 -0.4099 -0.0887 0.6099 0.0832 -0.0832 1.0351 -0.1027 -0.8038 0.1556
5.2000 0.1884 -0.4016 -0.1884 0.6016 0.0832 -0.0832 1.0716 -0.0040 -0.7882 0.1556
5.3000 0.2881 -0.3933 -0.2881 0.5933 0.0832 -0.0832 1.1424 0.0948 -0.7727 0.1556
5.4000 0.3877 -0.3849 -0.3877 0.5849 0.0832 -0.0832 1.2417 0.1936 -0.7571 0.1556
5.5000 0.4874 -0.3766 -0.4874 0.5766 0.0832 -0.0832 1.3634 0.2924 -0.7415 0.1556
5.6000 0.5870 -0.3683 -0.5870 0.5683 0.0832 -0.0832 1.5019 0.3912 -0.7260 0.1556
5.7000 0.6867 -0.3600 -0.6867 0.5600 0.0832 -0.0832 1.6530 0.4899 -0.7104 0.1556
5.8000 0.7863 -0.3517 -0.7863 0.5517 0.0832 -0.0832 1.8136 0.5887 -0.6949 0.1556
5.9000 0.8860 -0.3433 -0.8860 0.5433 0.0832 -0.0832 1.9814 0.6875 -0.6793 0.1556
6.0000 0.9856 -0.3350 -0.9856 0.5350 0.0832 -0.0832 2.1547 0.7863 -0.6637 0.1556
6.1000 1.0853 -0.3267 -1.0853 0.5267 0.0832 -0.0832 2.3323 0.8851 -0.6482 0.1556
6.2000 1.1849 -0.3184 -1.1849 0.5184 0.0832 -0.0832 2.5133 0.9839 -0.6326 0.1556
6.3000 1.2846 -0.3101 -1.2846 0.5101 0.0832 -0.0832 2.6969 1.0826 -0.6171 0.1556
6.4000 1.3842 -0.3018 -1.3842 0.5018 0.0832 -0.0832 2.8827 1.1814 -0.6015 0.1556
6.5000 1.4839 -0.2934 -1.4839 0.4934 0.0832 -0.0832 3.0703 1.2802 -0.5859 0.1556
6.6000 1.5836 -0.2851 -1.5836 0.4851 0.0832 -0.0832 3.2594 1.3790 -0.5704 0.1556
6.7000 1.6832 -0.2768 -1.6832 0.4768 0.0832 -0.0832 3.4497 1.4778 -0.5548 0.1556
6.8000 1.7829 -0.2685 -1.7829 0.4685 0.0832 -0.0832 3.6411 1.5766 -0.5393 0.1556
6.9000 1.8825 -0.2602 -1.8825 0.4602 0.0832 -0.0832 3.8333 1.6753 -0.5237 0.1556
7.0000 1.9822 -0.2519 -1.9822 0.4519 0.0832 -0.0832 4.0263 1.7741 -0.5081 0.1556
7.1000 2.0818 -0.2435 -2.0818 0.4435 0.0832 -0.0832 4.2200 1.8729 -0.4926 0.1556
7.2000 2.1815 -0.2352 -2.1815 0.4352 0.0832 -0.0832 4.4142 1.9717 -0.4770 0.1556
7.3000 2.2811 -0.2269 -2.2811 0.4269 0.0832 -0.0832 4.6089 2.0705 -0.4615 0.1556
7.4000 2.3808 -0.2186 -2.3808 0.4186 0.0832 -0.0832 4.8040 2.1692 -0.4459 0.1556
7.5000 2.4804 -0.2103 -2.4804 0.4103 0.0832 -0.0832 4.9995 2.2680 -0.4303 0.1556
7.6000 2.5801 -0.2020 -2.5801 0.4020 0.0832 -0.0832 5.1954 2.3668 -0.4148 0.1556
7.7000 2.6797 -0.1936 -2.6797 0.3936 0.0832 -0.0832 5.3916 2.4656 -0.3992 0.1556
7.8000 2.7794 -0.1853 -2.7794 0.3853 0.0832 -0.0832 5.5880 2.5644 -0.3837 0.1556
7.9000 2.8790 -0.1770 -2.8790 0.3770 0.0832 -0.0832 5.7847 2.6632 -0.3681 0.1556
8.0000 2.9787 -0.1687 -2.9787 0.3687 0.0832 -0.0832 5.9816 2.7619 -0.3525 0.1556
8.1000 3.0784 -0.1604 -3.0784 0.3604 0.0832 -0.0832 6.1787 2.8607 -0.3370 0.1556
8.2000 3.1780 -0.1521 -3.1780 0.3521 0.0832 -0.0832 6.3760 2.9595 -0.3214 0.1556
8.3000 3.2777 -0.1437 -3.2777 0.3437 0.0832 -0.0832 6.5734 3.0583 -0.3059 0.1556
8.4000 3.3773 -0.1354 -3.3773 0.3354 0.0832 -0.0832 6.7710 3.1571 -0.2903 0.1556
8.5000 3.4770 -0.1271 -3.4770 0.3271 0.0832 -0.0832 6.9688 3.2558 -0.2747 0.1556
8.6000 3.5766 -0.1188 -3.5766 0.3188 0.0832 -0.0832 7.1666 3.3546 -0.2592 0.1556
8.7000 3.6763 -0.1105 -3.6763 0.3105 0.0832 -0.0832 7.3646 3.4534 -0.2436 0.1556
8.8000 3.7759 -0.1022 -3.7759 0.3022 0.0832 -0.0832 7.5627 3.5522 -0.2281 0.1556
8.9000 3.8756 -0.0938 -3.8756 0.2938 0.0832 -0.0832 7.7609 3.6510 -0.2125 0.1556
9.0000 3.9752 -0.0855 -3.9752 0.2855 0.0832 -0.0832 7.9591 3.7498 -0.1969 0.1556
9.1000 4.0749 -0.0772 -4.0749 0.2772 0.0832 -0.0832 8.1575 3.8485 -0.1814 0.1556
9.2000 4.1745 -0.0689 -4.1745 0.2689 0.0832 -0.0832 8.3559 3.9473 -0.1658 0.1556
9.3000 4.2742 -0.0606 -4.2742 0.2606 0.0832 -0.0832 8.5544 4.0461 -0.1503 0.1556
9.4000 4.3739 -0.0523 -4.3739 0.2523 0.0832 -0.0832 8.7530 4.1449 -0.1347 0.1556
9.5000 4.4735 -0.0439 -4.4735 0.2439 0.0832 -0.0832 8.9516 4.2437 -0.1191 0.1556
9.6000 4.5732 -0.0356 -4.5732 0.2356 0.0832 -0.0832 9.1503 4.3424 -0.1036 0.1556
9.7000 4.6728 -0.0273 -4.6728 0.2273 0.0832 -0.0832 9.3491 4.4412 -0.0880 0.1556
9.8000 4.7725 -0.0190 -4.7725 0.2190 0.0832 -0.0832 9.5479 4.5400 -0.0725 0.1556
9.9000 4.8721 -0.0107 -4.8721 0.2107 0.0832 -0.0832 9.7468 4.6388 -0.0569 0.1556
10.0000 4.9718 -0.0024 -4.9718 0.2024 0.0832 -0.0832 9.9457 4.7376 -0.0413 0.1556
