t ax ay bx by avx avy sep_vo sep_none tc_pref
0.0000 -5.0000 0.0000 0.0000 -5.0000 0.8966 0.0784 7.0711 7.0711 4.5586
0.1000 -4.9103 0.0078 0.0000 -4.9100 1.0340 0.1823 6.9496 6.9367 4.4653
0.2000 -4.8069 0.0261 0.0000 -4.8200 1.0340 0.1823 6.8258 6.8024 4.3714
0.3000 -4.7035 0.0443 0.0000 -4.7300 1.0340 0.1823 6.7020 6.6681 4.2777
0.4000 -4.6001 0.0625 0.0000 -4.6400 1.0340 0.1823 6.5784 6.5337 4.1843
0.5000 -4.4967 0.0808 0.0000 -4.5500 1.0340 0.1823 6.4548 6.3994 4.0911
0.6000 -4.3933 0.0990 0.0000 -4.4600 1.0340 0.1823 6.3313 6.2651 3.9982
0.7000 -4.2899 0.1172 0.0000 -4.3700 1.0340 0.1823 6.2080 6.1308 3.9055
0.8000 -4.1865 0.1355 0.0000 -4.2800 1.0340 0.1823 6.0847 5.9965 3.8131
0.9000 -4.0831 0.1537 0.0000 -4.1900 1.2000 0.0000 5.9615 5.8623 3.7209
1.0000 -3.9631 0.1537 0.0000 -4.1000 1.2000 0.0000 5.8138 5.7280 3.6157
1.1000 -3.8431 0.1537 0.0000 -4.0100 1.2000 0.0000 5.6662 5.5938 3.5108
1.2000 -3.7231 0.1537 0.0000 -3.9200 1.2000 0.0000 5.5188 5.4595 3.4061
1.3000 -3.6031 0.1537 0.0000 -3.8300 1.2000 0.0000 5.3714 5.3253 3.3016
1.4000 -3.4831 0.1537 0.0000 -3.7400 1.2000 0.0000 5.2243 5.1911 3.1974
1.5000 -3.3631 0.1537 0.0000 -3.6500 1.2000 0.0000 5.0773 5.0569 3.0934
1.6000 -3.2431 0.1537 0.0000 -3.5600 1.2000 0.0000 4.9305 4.9228 2.9897
1.7000 -3.1231 0.1537 0.0000 -3.4700 1.2000 0.0000 4.7838 4.7886 2.8863
1.8000 -3.0031 0.1537 0.0000 -3.3800 1.2000 0.0000 4.6374 4.6545 2.7832
1.9000 -2.8831 0.1537 0.0000 -3.2900 1.2000 0.0000 4.4913 4.5204 2.6804
2.0000 -2.7631 0.1537 0.0000 -3.2000 1.2000 0.0000 4.3454 4.3863 2.5779
2.1000 -2.6431 0.1537 0.0000 -3.1100 1.2000 0.0000 4.1997 4.2523 2.4757
2.2000 -2.5231 0.1537 0.0000 -3.0200 1.2000 0.0000 4.0544 4.1183 2.3739
2.3000 -2.4031 0.1537 0.0000 -2.9300 1.2000 0.0000 3.9095 3.9843 2.2724
2.4000 -2.2831 0.1537 0.0000 -2.8400 1.2000 0.0000 3.7650 3.8504 2.1713
2.5000 -2.1631 0.1537 0.0000 -2.7500 1.2000 0.0000 3.6208 3.7165 2.0707
2.6000 -2.0431 0.1537 0.0000 -2.6600 1.2000 0.0000 3.4772 3.5827 1.9704
2.7000 -1.9231 0.1537 0.0000 -2.5700 1.2000 0.0000 3.3342 3.4489 1.8707
2.8000 -1.8031 0.1537 0.0000 -2.4800 1.2000 0.0000 3.1918 3.3152 1.7714
2.9000 -1.6831 0.1537 0.0000 -2.3900 1.2000 0.0000 3.0501 3.1815 1.6726
3.0000 -1.5631 0.1537 0.0000 -2.3000 1.2000 0.0000 2.9093 3.0480 1.5743
3.1000 -1.4431 0.1537 0.0000 -2.2100 1.2000 0.0000 2.7694 2.9145 1.4767
3.2000 -1.3231 0.1537 0.0000 -2.1200 1.2000 0.0000 2.6307 2.7811 1.3797
3.3000 -1.2031 0.1537 0.0000 -2.0300 1.2000 0.0000 2.4932 2.6478 1.2835
3.4000 -1.0831 0.1537 0.0000 -1.9400 1.2000 0.0000 2.3573 2.5147 1.1880
3.5000 -0.9631 0.1537 0.0000 -1.8500 1.2000 0.0000 2.2232 2.3817 1.0933
3.6000 -0.8431 0.1537 0.0000 -1.7600 1.2000 0.0000 2.0912 2.2489 0.9997
3.7000 -0.7231 0.1537 0.0000 -1.6700 1.0460 0.0915 1.9618 2.1163 0.9071
3.8000 -0.6185 0.1629 0.0000 -1.5800 1.0460 0.0915 1.8494 1.9840 0.8221
3.9000 -0.5139 0.1720 0.0000 -1.4900 1.0460 0.0915 1.7396 1.8521 0.7382
4.0000 -0.4093 0.1812 0.0000 -1.4000 1.0460 0.0915 1.6333 1.7205 0.6554
4.1000 -0.3047 0.1903 0.0000 -1.3100 1.0460 0.0915 1.5309 1.5894 0.5740
4.2000 -0.2001 0.1995 0.0000 -1.2200 1.0460 0.0915 1.4335 1.4589 0.4940
4.3000 -0.0955 0.2086 0.0000 -1.1300 1.0460 0.0915 1.3420 1.3292 0.4157
4.4000 0.0091 0.2178 0.0000 -1.0400 1.0460 0.0915 1.2578 1.2007 0.3395
4.5000 0.1137 0.2269 0.0000 -0.9500 1.0460 0.0915 1.1824 1.0735 0.2659
4.6000 0.2183 0.2361 0.0000 -0.8600 1.0460 0.0915 1.1176 0.9485 0.1955
4.7000 0.3229 0.2452 0.0000 -0.7700 1.0460 0.0915 1.0653 0.8264 0.1295
4.8000 0.4275 0.2544 0.0000 -0.6800 1.0460 0.0915 1.0275 0.7088 0.0699
4.9000 0.5321 0.2635 0.0000 -0.5900 1.0460 0.0915 1.0058 0.5984 0.0218
5.0000 0.6367 0.2727 0.0000 -0.5000 1.0500 0.0000 1.0012 0.5000 0.0126
5.1000 0.7417 0.2727 0.0000 -0.4100 0.9980 -0.0639 1.0081 0.4220 99.0000
5.2000 0.8415 0.2663 0.0000 -0.3200 0.9980 -0.0639 1.0256 0.3774 99.0000
5.3000 0.9413 0.2599 0.0000 -0.2300 0.9980 -0.0639 1.0611 0.3780 99.0000
5.4000 1.0411 0.2535 0.0000 -0.1400 0.9980 -0.0639 1.1130 0.4238 99.0000
5.5000 1.1409 0.2471 0.0000 -0.0500 0.9980 -0.0639 1.1789 0.5025 99.0000
5.6000 1.2407 0.2407 0.0000 0.0400 0.9980 -0.0639 1.2568 0.6013 99.0000
5.7000 1.3405 0.2343 0.0000 0.1300 0.9980 -0.0639 1.3445 0.7120 99.0000
5.8000 1.4403 0.2279 0.0000 0.2200 0.9980 -0.0639 1.4403 0.8297 99.0000
5.9000 1.5401 0.2216 0.0000 0.3100 0.9980 -0.0639 1.5426 0.9519 99.0000
6.0000 1.6399 0.2152 0.0000 0.4000 0.9980 -0.0639 1.6502 1.0770 99.0000
6.1000 1.7397 0.2088 0.0000 0.4900 0.9980 -0.0639 1.7622 1.2042 99.0000
6.2000 1.8395 0.2024 0.0000 0.5800 0.9980 -0.0639 1.8778 1.3328 99.0000
6.3000 1.9392 0.1960 0.0000 0.6700 0.9980 -0.0639 1.9963 1.4625 99.0000
6.4000 2.0390 0.1896 0.0000 0.7600 0.9980 -0.0639 2.1173 1.5930 99.0000
6.5000 2.1388 0.1832 0.0000 0.8500 0.9980 -0.0639 2.2404 1.7241 99.0000
6.6000 2.2386 0.1768 0.0000 0.9400 0.9980 -0.0639 2.3651 1.8557 99.0000
6.7000 2.3384 0.1704 0.0000 1.0300 0.9980 -0.0639 2.4914 1.9877 99.0000
6.8000 2.4382 0.1640 0.0000 1.1200 0.9980 -0.0639 2.6189 2.1200 99.0000
6.9000 2.5380 0.1577 0.0000 1.2100 0.9980 -0.0639 2.7475 2.2526 99.0000
7.0000 2.6378 0.1513 0.0000 1.3000 0.9980 -0.0639 2.8771 2.3854 99.0000
7.1000 2.7376 0.1449 0.0000 1.3900 0.9980 -0.0639 3.0075 2.5184 99.0000
7.2000 2.8374 0.1385 0.0000 1.4800 0.9980 -0.0639 3.1386 2.6515 99.0000
7.3000 2.9372 0.1321 0.0000 1.5700 0.9980 -0.0639 3.2703 2.7848 99.0000
7.4000 3.0370 0.1257 0.0000 1.6600 0.9980 -0.0639 3.4026 2.9182 99.0000
7.5000 3.1368 0.1193 0.0000 1.7500 0.9980 -0.0639 3.5353 3.0516 99.0000
7.6000 3.2366 0.1129 0.0000 1.8400 0.9980 -0.0639 3.6686 3.1852 99.0000
7.7000 3.3364 0.1065 0.0000 1.9300 0.9980 -0.0639 3.8022 3.3189 99.0000
7.8000 3.4362 0.1001 0.0000 2.0200 0.9980 -0.0639 3.9361 3.4526 99.0000
7.9000 3.5360 0.0937 0.0000 2.1100 0.9980 -0.0639 4.0704 3.5864 99.0000
8.0000 3.6358 0.0874 0.0000 2.2000 0.9980 -0.0639 4.2050 3.7202 99.0000
8.1000 3.7356 0.0810 0.0000 2.2900 0.9980 -0.0639 4.3399 3.8541 99.0000
8.2000 3.8354 0.0746 0.0000 2.3800 0.9980 -0.0639 4.4749 3.9880 99.0000
8.3000 3.9352 0.0682 0.0000 2.4700 0.9980 -0.0639 4.6102 4.1220 99.0000
8.4000 4.0350 0.0618 0.0000 2.5600 0.9980 -0.0639 4.7457 4.2560 99.0000
8.5000 4.1348 0.0554 0.0000 2.6500 0.9980 -0.0639 4.8814 4.3900 99.0000
8.6000 4.2345 0.0490 0.0000 2.7400 0.9980 -0.0639 5.0173 4.5241 99.0000
8.7000 4.3343 0.0426 0.0000 2.8300 0.9980 -0.0639 5.1533 4.6582 99.0000
8.8000 4.4341 0.0362 0.0000 2.9200 0.9980 -0.0639 5.2894 4.7923 99.0000
8.9000 4.5339 0.0298 0.0000 3.0100 0.9980 -0.0639 5.4257 4.9265 99.0000
9.0000 4.6337 0.0235 0.0000 3.1000 0.9980 -0.0639 5.5621 5.0606 99.0000
9.1000 4.7335 0.0171 0.0000 3.1900 0.9980 -0.0639 5.6986 5.1948 99.0000
9.2000 4.8333 0.0107 0.0000 3.2800 0.9980 -0.0639 5.8352 5.3290 99.0000
9.3000 4.9331 0.0043 0.0000 3.3700 0.6688 -0.0428 5.9719 5.4632 99.0000
9.4000 5.0000 0.0000 0.0000 3.4600 0.0000 0.0000 6.0804 5.5975 99.0000
9.5000 5.0000 0.0000 0.0000 3.5500 0.0000 0.0000 6.1321 5.7317 99.0000
9.6000 5.0000 0.0000 0.0000 3.6400 0.0000 0.0000 6.1846 5.8660 99.0000
9.7000 5.0000 0.0000 0.0000 3.7300 0.0000 0.0000 6.2380 6.0002 99.0000
9.8000 5.0000 0.0000 0.0000 3.8200 0.0000 0.0000 6.2922 6.1345 99.0000
9.9000 5.0000 0.0000 0.0000 3.9100 0.0000 0.0000 6.3473 6.2688 99.0000
10.0000 5.0000 0.0000 0.0000 4.0000 0.0000 0.0000 6.4031 6.4031 99.0000
10.1000 5.0000 0.0000 0.0000 4.0900 0.0000 0.0000 6.4597 6.4597 99.0000
10.2000 5.0000 0.0000 0.0000 4.1800 0.0000 0.0000 6.5171 6.5171 99.0000
10.3000 5.0000 0.0000 0.0000 4.2700 0.0000 0.0000 6.5752 6.5752 99.0000
10.4000 5.0000 0.0000 0.0000 4.3600 0.0000 0.0000 6.6340 6.6340 99.0000
10.5000 5.0000 0.0000 0.0000 4.4500 0.0000 0.0000 6.6935 6.6935 99.0000
10.6000 5.0000 0.0000 0.0000 4.5400 0.0000 0.0000 6.7536 6.7536 99.0000
10.7000 5.0000 0.0000 0.0000 4.6300 0.0000 0.0000 6.8145 6.8145 99.0000
10.8000 5.0000 0.0000 0.0000 4.7200 0.0000 0.0000 6.8759 6.8759 99.0000
10.9000 5.0000 0.0000 0.0000 4.8100 0.0000 0.0000 6.9380 6.9380 99.0000
11.0000 5.0000 0.0000 0.0000 4.9000 0.0000 0.0000 7.0007 7.0007 99.0000
11.1000 5.0000 0.0000 0.0000 4.9900 0.0000 0.0000 7.0640 7.0640 99.0000
