t x0 y0 x1 y1 x2 y2 x3 y3 x4 y4 x5 y5 x6 y6 x7 y7
0.0000 10.0000 0.0000 7.0711 7.0711 0.0000 10.0000 -7.0711 7.0711 -10.0000 0.0000 -7.0711 -7.0711 -0.0000 -10.0000 7.0711 -7.0711
0.2000 9.8026 -0.0030 6.9321 6.9265 0.0015 9.7963 -6.9299 6.9336 -9.7965 0.0019 -6.9259 -6.9310 -0.0030 -9.8026 6.9336 -6.9296
0.4000 9.6053 -0.0060 6.7931 6.7820 0.0030 9.5926 -6.7888 6.7962 -9.5929 0.0037 -6.7807 -6.7908 -0.0060 -9.6052 6.7962 -6.7881
0.6000 9.4079 -0.0089 6.6541 6.6374 0.0044 9.3889 -6.6477 6.6587 -9.3894 0.0055 -6.6356 -6.6507 -0.0089 -9.4079 6.6587 -6.6467
0.8000 9.2106 -0.0118 6.5150 6.4930 0.0059 9.1852 -6.5067 6.5212 -9.1858 0.0073 -6.4905 -6.5105 -0.0119 -9.2105 6.5212 -6.5053
1.0000 9.0132 -0.0147 6.3759 6.3485 0.0073 8.9815 -6.3656 6.3837 -8.9823 0.0091 -6.3454 -6.3703 -0.0148 -9.0131 6.3837 -6.3639
1.2000 8.8158 -0.0175 6.2368 6.2041 0.0087 8.7777 -6.2246 6.2462 -8.7788 0.0109 -6.2003 -6.2300 -0.0176 -8.8157 6.2462 -6.2225
1.4000 8.6185 -0.0203 6.0977 6.0597 0.0101 8.5740 -6.0836 6.1086 -8.5752 0.0126 -6.0553 -6.0898 -0.0204 -8.6184 6.1086 -6.0811
1.6000 8.4211 -0.0231 5.9585 5.9153 0.0115 8.3703 -5.9426 5.9710 -8.3717 0.0143 -5.9103 -5.9495 -0.0232 -8.4210 5.9711 -5.9398
1.8000 8.2238 -0.0258 5.8193 5.7710 0.0129 8.1666 -5.8016 5.8335 -8.1682 0.0160 -5.7653 -5.8092 -0.0260 -8.2236 5.8335 -5.7985
2.0000 8.0264 -0.0286 5.6800 5.6267 0.0142 7.9629 -5.6606 5.6958 -7.9646 0.0177 -5.6204 -5.6688 -0.0287 -8.0262 5.6958 -5.6572
2.2000 7.8291 -0.0312 5.5408 5.4824 0.0156 7.7592 -5.5197 5.5582 -7.7611 0.0194 -5.4754 -5.5284 -0.0314 -7.8288 5.5582 -5.5159
2.4000 7.6317 -0.0339 5.4015 5.3382 0.0169 7.5555 -5.3788 5.4206 -7.5575 0.0210 -5.3305 -5.3880 -0.0341 -7.6315 5.4205 -5.3747
2.6000 7.4343 -0.0365 5.2622 5.1940 0.0182 7.3518 -5.2379 5.2829 -7.3540 0.0227 -5.1857 -5.2476 -0.0367 -7.4341 5.2829 -5.2335
2.8000 7.2370 -0.0391 5.1228 5.0498 0.0195 7.1481 -5.0970 5.1452 -7.1505 0.0243 -5.0408 -5.1071 -0.0393 -7.2367 5.1451 -5.0923
3.0000 7.0396 -0.0416 4.9834 4.9056 0.0207 6.9444 -4.9562 5.0075 -6.9469 0.0258 -4.8960 -4.9666 -0.0418 -7.0393 5.0074 -4.9511
3.2000 6.8423 -0.0441 4.8440 4.7615 0.0220 6.7406 -4.8154 4.8697 -6.7434 0.0274 -4.7513 -4.8261 -0.0444 -6.8420 4.8697 -4.8099
3.4000 6.6449 -0.0466 4.7045 4.6174 0.0232 6.5369 -4.6746 4.7320 -6.5398 0.0289 -4.6065 -4.6855 -0.0468 -6.6446 4.7319 -4.6688
3.6000 6.4476 -0.0490 4.5650 4.4734 0.0244 6.3332 -4.5338 4.5942 -6.3363 0.0304 -4.4599 -4.5410 -0.0481 -6.4559 4.5941 -4.5277
3.8000 6.2589 -0.0502 4.4255 4.3294 0.0256 6.1295 -4.3930 4.4564 -6.1328 0.0319 -4.3152 -4.4004 -0.0481 -6.2759 4.4615 -4.3935
4.0000 6.0702 -0.0514 4.2921 4.1938 0.0262 5.9377 -4.2590 4.3238 -5.9528 0.0319 -4.1706 -4.2598 -0.0481 -6.0959 4.3290 -4.2594
4.2000 5.8965 -0.0526 4.1586 4.0581 0.0268 5.7608 -4.1250 4.1913 -5.7728 0.0319 -4.0240 -4.1152 -0.0402 -5.9162 4.2084 -4.1259
4.4000 5.7228 -0.0538 4.0358 3.9331 0.0359 5.5812 -3.9910 4.0587 -5.5782 0.0424 -3.8774 -3.9706 -0.0324 -5.7366 4.0879 -3.9924
4.6000 5.5492 -0.0549 3.9129 3.8082 0.0451 5.4016 -3.8570 3.9261 -5.3832 0.0424 -3.7454 -3.8274 -0.0245 -5.5569 3.9674 -3.8590
4.8000 5.3755 -0.0561 3.7901 3.6832 0.0542 5.2220 -3.7297 3.7989 -5.1882 0.0424 -3.6451 -3.7160 -0.0324 -5.3773 3.8453 -3.7355
5.0000 5.2029 -0.0701 3.6792 3.5612 0.0634 5.0424 -3.5905 3.6720 -5.0385 0.0489 -3.5544 -3.6162 -0.0415 -5.1889 3.7232 -3.6121
5.2000 5.0304 -0.0841 3.5563 3.4363 0.0634 4.8624 -3.4465 3.5514 -4.8735 0.0489 -3.4290 -3.4929 -0.0427 -5.0152 3.5967 -3.4935
5.4000 4.8567 -0.0851 3.4334 3.3114 0.0637 4.6856 -3.3467 3.4607 -4.7085 0.0489 -3.3376 -3.3979 -0.0453 -4.8823 3.4910 -3.3878
5.6000 4.6830 -0.0860 3.3418 3.2124 0.0807 4.5518 -3.2362 3.3595 -4.5897 0.0646 -3.2309 -3.2728 -0.0583 -4.7184 3.3814 -3.2874
5.8000 4.5030 -0.0860 3.2512 3.1125 0.0911 4.4327 -3.1257 3.2582 -4.4592 0.0389 -3.1477 -3.2114 -0.0714 -4.5546 3.2757 -3.1817
6.0000 4.3230 -0.0860 3.1445 2.9874 0.0911 4.2977 -3.0061 3.1239 -4.3287 0.0133 -3.0462 -3.1585 -0.0844 -4.3907 3.1636 -3.0499
6.2000 4.1584 -0.0768 2.9976 2.8660 0.1167 4.0922 -2.8963 3.0249 -4.1832 -0.0124 -2.9363 -3.0357 -0.0406 -4.2141 3.0514 -2.9182
6.4000 3.9552 -0.0318 2.8431 2.7335 0.1484 3.8892 -2.7539 2.9252 -4.0231 -0.0302 -2.8370 -2.9234 -0.0673 -4.0449 2.9504 -2.7801
6.6000 3.7519 0.0133 2.6945 2.5980 0.1801 3.6862 -2.5864 2.7910 -3.8779 -0.0493 -2.7309 -2.7970 -0.0998 -3.8782 2.8466 -2.6608
6.8000 3.5332 0.0492 2.5459 2.4626 0.2058 3.4958 -2.4306 2.6694 -3.7327 -0.0684 -2.6210 -2.6742 -0.1210 -3.7232 2.7386 -2.5448
7.0000 3.3703 0.0337 2.3973 2.3271 0.2375 3.3078 -2.2757 2.6144 -3.5753 -0.0708 -2.5217 -2.5619 -0.1420 -3.5681 2.6348 -2.4257
7.2000 3.1905 0.0284 2.2487 2.1916 0.2750 3.1078 -2.1232 2.5519 -3.4146 0.0041 -2.4082 -2.4429 -0.1628 -3.4131 2.5267 -2.3098
7.4000 3.0161 0.0031 2.1061 2.0536 0.3232 2.9154 -1.9706 2.4895 -3.2627 -0.0101 -2.2948 -2.3239 -0.1835 -3.2580 2.4139 -2.1896
7.6000 2.8418 -0.0223 1.9636 1.9157 0.3762 2.7274 -1.8081 2.4137 -3.1092 -0.0320 -2.2382 -2.2747 -0.1990 -3.1014 2.3016 -2.0903
7.8000 2.6477 -0.0327 1.8340 1.7852 0.4254 2.5429 -1.6456 2.3379 -2.9573 -0.0462 -2.1816 -2.2256 -0.2144 -2.9447 2.1923 -1.9883
8.0000 2.4684 -0.0405 1.7044 1.6547 0.5125 2.4630 -1.4831 2.2621 -2.7948 -0.0604 -2.1057 -2.1870 -0.2296 -2.7881 2.0829 -1.8864
8.2000 2.2740 -0.0483 1.5941 1.5298 0.6205 2.3826 -1.3206 2.1863 -2.6412 0.0283 -1.9922 -2.0680 -0.2294 -2.6294 1.9600 -1.7764
8.4000 2.0797 -0.0561 1.4511 1.3809 0.7231 2.2965 -1.1581 2.1106 -2.4707 0.1193 -1.8860 -1.9434 -0.2290 -2.4708 1.8372 -1.6665
8.6000 2.0632 -0.1099 1.3212 1.2309 0.8424 2.1845 -1.0064 2.0139 -2.3001 0.2103 -1.7766 -1.8230 -0.2343 -2.3060 1.7028 -1.5470
8.8000 2.0337 -0.1561 1.2043 1.0734 0.9488 2.0636 -0.8547 1.9173 -2.1295 0.3013 -1.6620 -1.7116 -0.2213 -2.2385 1.5570 -1.4178
9.0000 2.0079 -0.2008 1.0953 0.9163 1.0627 1.9278 -0.7031 1.8207 -1.9589 0.3923 -1.5416 -1.5890 -0.1826 -2.1605 1.3961 -1.2828
9.2000 1.9349 -0.2746 0.9659 0.7781 1.1656 1.7809 -0.5514 1.7241 -1.7883 0.4833 -1.4822 -1.4925 -0.2007 -1.9707 1.2132 -1.1547
9.4000 1.8534 -0.3493 0.8493 0.6423 1.2339 1.6160 -0.3961 1.6344 -1.6154 0.5668 -1.4179 -1.3774 -0.2213 -1.7946 1.1343 -1.1465
9.6000 1.7787 -0.4178 0.7739 0.5319 1.3011 1.4537 -0.2408 1.5448 -1.4302 0.6589 -1.3757 -1.2923 -0.2419 -1.6185 1.0549 -1.1453
9.8000 1.7113 -0.4795 0.6739 0.4270 1.3618 1.2871 -0.0855 1.4551 -1.2587 0.7130 -1.3418 -1.0776 -0.2788 -1.5055 0.9786 -1.1594
10.0000 1.5141 -0.4743 0.5105 0.3367 1.3865 1.0939 0.0698 1.3654 -1.0871 0.7671 -1.3212 -0.8422 -0.3463 -1.4101 0.8428 -1.0164
10.2000 1.3169 -0.4691 0.2567 0.2444 1.4048 0.8847 0.2172 1.2622 -0.9276 0.8501 -1.3927 -0.6153 -0.3463 -1.4127 0.7069 -0.8734
10.4000 1.1198 -0.4638 -0.0252 0.1418 1.4231 0.6754 0.3329 1.1243 -0.7645 0.9262 -1.4695 -0.3588 -0.3164 -1.4153 0.5710 -0.7304
10.6000 0.9226 -0.4584 -0.2824 0.0607 1.4414 0.4662 0.4486 0.9864 -0.6299 1.0173 -1.5305 -0.0807 -0.2865 -1.4180 0.4350 -0.5875
10.8000 0.7254 -0.4530 -0.4179 -0.0873 1.4597 0.2570 0.5643 0.8485 -0.4506 1.0329 -1.5015 0.1392 -0.2566 -1.4206 0.2990 -0.4446
11.0000 0.5282 -0.4476 -0.5534 -0.2353 1.4388 0.0180 0.6800 0.7106 -0.2709 1.0408 -1.3815 0.3470 -0.2267 -1.4232 0.1629 -0.3017
11.2000 0.3310 -0.4421 -0.6890 -0.3832 1.4179 -0.2211 0.7957 0.5728 -0.0909 1.0408 -1.2615 0.5549 -0.1968 -1.4258 0.0269 -0.1589
11.4000 0.1339 -0.4365 -0.8246 -0.5310 1.4042 -0.4269 0.9223 0.4222 0.1000 1.0236 -1.1415 0.7627 -0.2268 -1.4258 -0.1093 -0.0161
11.6000 -0.0633 -0.4309 -0.9603 -0.6788 1.3766 -0.6285 1.0489 0.2715 0.3024 1.0049 -1.0215 0.9706 -0.2568 -1.4258 -0.2454 0.1266
11.8000 -0.2605 -0.4252 -1.0960 -0.8265 1.3490 -0.8301 1.1754 0.1209 0.5049 0.9861 -0.9015 1.1784 -0.2568 -1.4258 -0.3816 0.2693
12.0000 -0.4576 -0.4195 -1.2319 -0.9741 1.3214 -1.0317 1.3019 -0.0298 0.7074 0.9673 -0.7548 1.3858 -0.2282 -1.3935 -0.5179 0.4119
12.2000 -0.6548 -0.4137 -1.3678 -1.1217 1.2937 -1.2332 1.4284 -0.1805 0.9098 0.9485 -0.6117 1.5583 -0.1869 -1.2987 -0.6542 0.5545
12.4000 -0.8520 -0.4078 -1.5037 -1.2692 1.2660 -1.4348 1.5548 -0.3313 1.1123 0.9296 -0.4454 1.6736 -0.1612 -1.1382 -0.7905 0.6971
12.6000 -1.0491 -0.4019 -1.6398 -1.4167 1.2383 -1.6364 1.6812 -0.4821 1.3148 0.9106 -0.2792 1.7889 -0.1614 -0.9408 -0.9269 0.8396
12.8000 -1.2463 -0.3959 -1.7759 -1.5640 1.2105 -1.8379 1.8075 -0.6329 1.5172 0.8916 -0.1130 1.9043 -0.1614 -0.7435 -1.0633 0.9821
13.0000 -1.4434 -0.3899 -1.9121 -1.7113 1.1826 -2.0395 1.9338 -0.7838 1.7196 0.8726 0.0531 2.0198 -0.1614 -0.5461 -1.1998 1.1245
13.2000 -1.6406 -0.3838 -2.0483 -1.8586 1.1547 -2.2410 2.0601 -0.9347 1.9221 0.8534 0.2192 2.1353 -0.1614 -0.3488 -1.3363 1.2669
13.4000 -1.8377 -0.3776 -2.1847 -2.0057 1.1267 -2.4425 2.1863 -1.0856 2.1245 0.8343 0.3852 2.2509 -0.1612 -0.1514 -1.4729 1.4092
13.6000 -2.0349 -0.3713 -2.3211 -2.1528 1.0987 -2.6441 2.3124 -1.2366 2.3269 0.8151 0.5512 2.3666 -0.1611 0.0459 -1.6096 1.5515
13.8000 -2.2320 -0.3650 -2.4576 -2.2998 1.0707 -2.8456 2.4385 -1.3876 2.5294 0.7958 0.7172 2.4823 -0.1608 0.2433 -1.7462 1.6937
14.0000 -2.4292 -0.3586 -2.5942 -2.4467 1.0426 -3.0471 2.5646 -1.5386 2.7318 0.7765 0.8831 2.5981 -0.1606 0.4406 -1.8830 1.8359
14.2000 -2.6263 -0.3521 -2.7308 -2.5935 1.0144 -3.2486 2.6906 -1.6897 2.9342 0.7571 1.0489 2.7140 -0.1602 0.6380 -2.0198 1.9780
14.4000 -2.8234 -0.3456 -2.8676 -2.7403 0.9861 -3.4501 2.8166 -1.8408 3.1366 0.7376 1.2147 2.8299 -0.1598 0.8353 -2.1566 2.1200
14.6000 -3.0206 -0.3389 -3.0045 -2.8869 0.9579 -3.6515 2.9425 -1.9920 3.3390 0.7181 1.3805 2.9459 -0.1593 1.0327 -2.2935 2.2620
14.8000 -3.2177 -0.3322 -3.1414 -3.0335 0.9295 -3.8530 3.0683 -2.1432 3.5413 0.6985 1.5462 3.0620 -0.1588 1.2300 -2.4305 2.4040
15.0000 -3.4148 -0.3254 -3.2785 -3.1799 0.9011 -4.0545 3.1941 -2.2945 3.7437 0.6788 1.7118 3.1782 -0.1581 1.4274 -2.5675 2.5458
15.2000 -3.6119 -0.3185 -3.4157 -3.3263 0.8726 -4.2559 3.3198 -2.4458 3.9461 0.6591 1.8774 3.2944 -0.1574 1.6247 -2.7046 2.6876
15.4000 -3.8090 -0.3115 -3.5529 -3.4725 0.8440 -4.4573 3.4455 -2.5972 4.1485 0.6393 2.0429 3.4107 -0.1567 1.8221 -2.8418 2.8294
15.6000 -4.0061 -0.3045 -3.6903 -3.6187 0.8154 -4.6588 3.5711 -2.7486 4.3508 0.6194 2.2084 3.5271 -0.1559 2.0194 -2.9790 2.9711
15.8000 -4.2032 -0.2973 -3.8278 -3.7647 0.7867 -4.8602 3.6967 -2.9000 4.5532 0.5995 2.3738 3.6436 -0.1550 2.2167 -3.1163 3.1127
16.0000 -4.4003 -0.2900 -3.9654 -3.9106 0.7579 -5.0616 3.8222 -3.0515 4.7555 0.5794 2.5391 3.7602 -0.1540 2.4141 -3.2537 3.2542
16.2000 -4.5974 -0.2827 -4.1032 -4.0564 0.7290 -5.2630 3.9476 -3.2031 4.9578 0.5593 2.7043 3.8769 -0.1529 2.6114 -3.3912 3.3957
16.4000 -4.7945 -0.2752 -4.2411 -4.2020 0.7001 -5.4644 4.0729 -3.3547 5.1601 0.5391 2.8695 3.9937 -0.1518 2.8087 -3.5287 3.5370
16.6000 -4.9916 -0.2676 -4.3791 -4.3475 0.6711 -5.6657 4.1982 -3.5064 5.3624 0.5188 3.0346 4.1106 -0.1506 3.0061 -3.6663 3.6783
16.8000 -5.1886 -0.2599 -4.5173 -4.4929 0.6419 -5.8671 4.3234 -3.6582 5.5647 0.4984 3.1996 4.2276 -0.1493 3.2034 -3.8040 3.8196
17.0000 -5.3857 -0.2521 -4.6556 -4.6381 0.6127 -6.0684 4.4485 -3.8100 5.7670 0.4779 3.3646 4.3447 -0.1479 3.4007 -3.9418 3.9607
17.2000 -5.5828 -0.2442 -4.7941 -4.7832 0.5834 -6.2697 4.5736 -3.9619 5.9693 0.4573 3.5295 4.4619 -0.1464 3.5981 -4.0797 4.1017
17.4000 -5.7798 -0.2361 -4.9328 -4.9280 0.5539 -6.4710 4.6985 -4.1138 6.1716 0.4366 3.6942 4.5792 -0.1448 3.7954 -4.2176 4.2427
17.6000 -5.9769 -0.2279 -5.0716 -5.0727 0.5244 -6.6723 4.8233 -4.2658 6.3738 0.4158 3.8589 4.6967 -0.1431 3.9927 -4.3557 4.3835
17.8000 -6.1739 -0.2196 -5.2107 -5.2172 0.4947 -6.8736 4.9481 -4.4179 6.5760 0.3948 4.0235 4.8143 -0.1414 4.1900 -4.4939 4.5242
18.0000 -6.3709 -0.2111 -5.3500 -5.3615 0.4649 -7.0748 5.0727 -4.5701 6.7783 0.3738 4.1880 4.9320 -0.1395 4.3874 -4.6322 4.6648
18.2000 -6.5679 -0.2024 -5.4895 -5.5055 0.4350 -7.2761 5.1973 -4.7224 6.9805 0.3525 4.3523 5.0499 -0.1375 4.5847 -4.7706 4.8053
18.4000 -6.7650 -0.1936 -5.6292 -5.6493 0.4049 -7.4773 5.3217 -4.8748 7.1826 0.3312 4.5166 5.1680 -0.1354 4.7820 -4.9091 4.9457
18.6000 -6.9620 -0.1846 -5.7692 -5.7928 0.3747 -7.6784 5.4460 -5.0273 7.3848 0.3096 4.6807 5.2862 -0.1332 4.9793 -5.0477 5.0860
18.8000 -7.1589 -0.1754 -5.9096 -5.9360 0.3443 -7.8796 5.5701 -5.1799 7.5870 0.2880 4.8447 5.4046 -0.1309 5.1766 -5.1865 5.2261
19.0000 -7.3559 -0.1661 -6.0502 -6.0788 0.3137 -8.0807 5.6941 -5.3326 7.7891 0.2661 5.0086 5.5231 -0.1285 5.3739 -5.3255 5.3660
19.2000 -7.5529 -0.1565 -6.1913 -6.2213 0.2828 -8.2818 5.8180 -5.4854 7.9912 0.2440 5.1723 5.6419 -0.1259 5.5712 -5.4646 5.5058
19.4000 -7.7498 -0.1467 -6.3328 -6.3633 0.2518 -8.4828 5.9416 -5.6383 8.1932 0.2217 5.3358 5.7609 -0.1232 5.7685 -5.6039 5.6454
19.6000 -7.9468 -0.1366 -6.4749 -6.5047 0.2205 -8.6838 6.0651 -5.7915 8.3953 0.1991 5.4991 5.8802 -0.1204 5.9658 -5.7434 5.7848
19.8000 -8.1437 -0.1262 -6.6176 -6.6454 0.1888 -8.8848 6.1884 -5.9447 8.5973 0.1763 5.6623 5.9997 -0.1174 6.1631 -5.8831 5.9239
20.0000 -8.3406 -0.1156 -6.7612 -6.7851 0.1568 -9.0857 6.3114 -6.0982 8.7993 0.1531 5.8252 6.1195 -0.1143 6.3604 -6.0230 6.0629
20.2000 -8.5374 -0.1046 -6.9062 -6.9235 0.1244 -9.2865 6.4341 -6.2519 9.0012 0.1296 5.9878 6.2397 -0.1110 6.5576 -6.1632 6.2015
20.4000 -8.7343 -0.0932 -7.0538 -7.0588 0.0914 -9.4872 6.5565 -6.4059 9.2030 0.1056 6.1502 6.3602 -0.1075 6.7549 -6.3037 6.3398
20.6000 -8.9311 -0.0814 -7.0698 -7.0726 0.0575 -9.6877 6.6785 -6.5602 9.4048 0.0810 6.3122 6.4813 -0.1039 6.9522 -6.4446 6.4778
20.8000 -9.1278 -0.0691 -7.0698 -7.0726 0.0223 -9.8880 6.7999 -6.7149 9.6065 0.0557 6.4738 6.6028 -0.1000 7.1494 -6.5860 6.6152
21.0000 -9.3246 -0.0561 -7.0698 -7.0726 0.0007 -10.0019 6.9205 -6.8702 9.8080 0.0291 6.6348 6.7251 -0.0960 7.3467 -6.7279 6.7521
21.2000 -9.5212 -0.0423 -7.0698 -7.0726 0.0007 -10.0019 7.0396 -7.0267 10.0018 0.0009 6.7950 6.8483 -0.0917 7.5439 -6.8706 6.8880
21.4000 -9.7178 -0.0274 -7.0698 -7.0726 0.0007 -10.0019 7.0709 -7.0691 10.0018 0.0009 6.9540 6.9731 -0.0872 7.7412 -7.0148 7.0224
21.6000 -9.9141 -0.0103 -7.0698 -7.0726 0.0007 -10.0019 7.0709 -7.0691 10.0018 0.0009 7.0730 7.0704 -0.0824 7.9384 -7.0691 7.0711
21.8000 -9.9987 -0.0015 -7.0698 -7.0726 0.0007 -10.0019 7.0709 -7.0691 10.0018 0.0009 7.0730 7.0704 -0.0774 8.1356 -7.0691 7.0711
22.0000 -9.9987 -0.0015 -7.0698 -7.0726 0.0007 -10.0019 7.0709 -7.0691 10.0018 0.0009 7.0730 7.0704 -0.0720 8.3328 -7.0691 7.0711
22.2000 -9.9987 -0.0015 -7.0698 -7.0726 0.0007 -10.0019 7.0709 -7.0691 10.0018 0.0009 7.0730 7.0704 -0.0663 8.5300 -7.0691 7.0711
22.4000 -9.9987 -0.0015 -7.0698 -7.0726 0.0007 -10.0019 7.0709 -7.0691 10.0018 0.0009 7.0730 7.0704 -0.0602 8.7272 -7.0691 7.0711
22.6000 -9.9987 -0.0015 -7.0698 -7.0726 0.0007 -10.0019 7.0709 -7.0691 10.0018 0.0009 7.0730 7.0704 -0.0537 8.9243 -7.0691 7.0711
22.8000 -9.9987 -0.0015 -7.0698 -7.0726 0.0007 -10.0019 7.0709 -7.0691 10.0018 0.0009 7.0730 7.0704 -0.0466 9.1214 -7.0691 7.0711
23.0000 -9.9987 -0.0015 -7.0698 -7.0726 0.0007 -10.0019 7.0709 -7.0691 10.0018 0.0009 7.0730 7.0704 -0.0388 9.3185 -7.0691 7.0711
23.2000 -9.9987 -0.0015 -7.0698 -7.0726 0.0007 -10.0019 7.0709 -7.0691 10.0018 0.0009 7.0730 7.0704 -0.0302 9.5156 -7.0691 7.0711
23.4000 -9.9987 -0.0015 -7.0698 -7.0726 0.0007 -10.0019 7.0709 -7.0691 10.0018 0.0009 7.0730 7.0704 -0.0204 9.7125 -7.0691 7.0711
23.6000 -9.9987 -0.0015 -7.0698 -7.0726 0.0007 -10.0019 7.0709 -7.0691 10.0018 0.0009 7.0730 7.0704 -0.0085 9.9093 -7.0691 7.0711
23.8000 -9.9987 -0.0015 -7.0698 -7.0726 0.0007 -10.0019 7.0709 -7.0691 10.0018 0.0009 7.0730 7.0704 -0.0015 9.9987 -7.0691 7.0711
24.0000 -9.9987 -0.0015 -7.0698 -7.0726 0.0007 -10.0019 7.0709 -7.0691 10.0018 0.0009 7.0730 7.0704 -0.0015 9.9987 -7.0691 7.0711
24.2000 -9.9987 -0.0015 -7.0698 -7.0726 0.0007 -10.0019 7.0709 -7.0691 10.0018 0.0009 7.0730 7.0704 -0.0015 9.9987 -7.0691 7.0711
24.4000 -9.9987 -0.0015 -7.0698 -7.0726 0.0007 -10.0019 7.0709 -7.0691 10.0018 0.0009 7.0730 7.0704 -0.0015 9.9987 -7.0691 7.0711
24.6000 -9.9987 -0.0015 -7.0698 -7.0726 0.0007 -10.0019 7.0709 -7.0691 10.0018 0.0009 7.0730 7.0704 -0.0015 9.9987 -7.0691 7.0711
24.8000 -9.9987 -0.0015 -7.0698 -7.0726 0.0007 -10.0019 7.0709 -7.0691 10.0018 0.0009 7.0730 7.0704 -0.0015 9.9987 -7.0691 7.0711
25.0000 -9.9987 -0.0015 -7.0698 -7.0726 0.0007 -10.0019 7.0709 -7.0691 10.0018 0.0009 7.0730 7.0704 -0.0015 9.9987 -7.0691 7.0711
25.2000 -9.9987 -0.0015 -7.0698 -7.0726 0.0007 -10.0019 7.0709 -7.0691 10.0018 0.0009 7.0730 7.0704 -0.0015 9.9987 -7.0691 7.0711
25.4000 -9.9987 -0.0015 -7.0698 -7.0726 0.0007 -10.0019 7.0709 -7.0691 10.0018 0.0009 7.0730 7.0704 -0.0015 9.9987 -7.0691 7.0711
25.6000 -9.9987 -0.0015 -7.0698 -7.0726 0.0007 -10.0019 7.0709 -7.0691 10.0018 0.0009 7.0730 7.0704 -0.0015 9.9987 -7.0691 7.0711
25.8000 -9.9987 -0.0015 -7.0698 -7.0726 0.0007 -10.0019 7.0709 -7.0691 10.0018 0.0009 7.0730 7.0704 -0.0015 9.9987 -7.0691 7.0711
26.0000 -9.9987 -0.0015 -7.0698 -7.0726 0.0007 -10.0019 7.0709 -7.0691 10.0018 0.0009 7.0730 7.0704 -0.0015 9.9987 -7.0691 7.0711
26.2000 -9.9987 -0.0015 -7.0698 -7.0726 0.0007 -10.0019 7.0709 -7.0691 10.0018 0.0009 7.0730 7.0704 -0.0015 9.9987 -7.0691 7.0711
26.4000 -9.9987 -0.0015 -7.0698 -7.0726 0.0007 -10.0019 7.0709 -7.0691 10.0018 0.0009 7.0730 7.0704 -0.0015 9.9987 -7.0691 7.0711
26.6000 -9.9987 -0.0015 -7.0698 -7.0726 0.0007 -10.0019 7.0709 -7.0691 10.0018 0.0009 7.0730 7.0704 -0.0015 9.9987 -7.0691 7.0711
26.8000 -9.9987 -0.0015 -7.0698 -7.0726 0.0007 -10.0019 7.0709 -7.0691 10.0018 0.0009 7.0730 7.0704 -0.0015 9.9987 -7.0691 7.0711
27.0000 -9.9987 -0.0015 -7.0698 -7.0726 0.0007 -10.0019 7.0709 -7.0691 10.0018 0.0009 7.0730 7.0704 -0.0015 9.9987 -7.0691 7.0711
27.2000 -9.9987 -0.0015 -7.0698 -7.0726 0.0007 -10.0019 7.0709 -7.0691 10.0018 0.0009 7.0730 7.0704 -0.0015 9.9987 -7.0691 7.0711
27.4000 -9.9987 -0.0015 -7.0698 -7.0726 0.0007 -10.0019 7.0709 -7.0691 10.0018 0.0009 7.0730 7.0704 -0.0015 9.9987 -7.0691 7.0711
27.6000 -9.9987 -0.0015 -7.0698 -7.0726 0.0007 -10.0019 7.0709 -7.0691 10.0018 0.0009 7.0730 7.0704 -0.0015 9.9987 -7.0691 7.0711
27.8000 -9.9987 -0.0015 -7.0698 -7.0726 0.0007 -10.0019 7.0709 -7.0691 10.0018 0.0009 7.0730 7.0704 -0.0015 9.9987 -7.0691 7.0711
28.0000 -9.9987 -0.0015 -7.0698 -7.0726 0.0007 -10.0019 7.0709 -7.0691 10.0018 0.0009 7.0730 7.0704 -0.0015 9.9987 -7.0691 7.0711
28.2000 -9.9987 -0.0015 -7.0698 -7.0726 0.0007 -10.0019 7.0709 -7.0691 10.0018 0.0009 7.0730 7.0704 -0.0015 9.9987 -7.0691 7.0711
28.4000 -9.9987 -0.0015 -7.0698 -7.0726 0.0007 -10.0019 7.0709 -7.0691 10.0018 0.0009 7.0730 7.0704 -0.0015 9.9987 -7.0691 7.0711
28.6000 -9.9987 -0.0015 -7.0698 -7.0726 0.0007 -10.0019 7.0709 -7.0691 10.0018 0.0009 7.0730 7.0704 -0.0015 9.9987 -7.0691 7.0711
28.8000 -9.9987 -0.0015 -7.0698 -7.0726 0.0007 -10.0019 7.0709 -7.0691 10.0018 0.0009 7.0730 7.0704 -0.0015 9.9987 -7.0691 7.0711
29.0000 -9.9987 -0.0015 -7.0698 -7.0726 0.0007 -10.0019 7.0709 -7.0691 10.0018 0.0009 7.0730 7.0704 -0.0015 9.9987 -7.0691 7.0711
29.2000 -9.9987 -0.0015 -7.0698 -7.0726 0.0007 -10.0019 7.0709 -7.0691 10.0018 0.0009 7.0730 7.0704 -0.0015 9.9987 -7.0691 7.0711
29.4000 -9.9987 -0.0015 -7.0698 -7.0726 0.0007 -10.0019 7.0709 -7.0691 10.0018 0.0009 7.0730 7.0704 -0.0015 9.9987 -7.0691 7.0711
29.6000 -9.9987 -0.0015 -7.0698 -7.0726 0.0007 -10.0019 7.0709 -7.0691 10.0018 0.0009 7.0730 7.0704 -0.0015 9.9987 -7.0691 7.0711
29.8000 -9.9987 -0.0015 -7.0698 -7.0726 0.0007 -10.0019 7.0709 -7.0691 10.0018 0.0009 7.0730 7.0704 -0.0015 9.9987 -7.0691 7.0711
30.0000 -9.9987 -0.0015 -7.0698 -7.0726 0.0007 -10.0019 7.0709 -7.0691 10.0018 0.0009 7.0730 7.0704 -0.0015 9.9987 -7.0691 7.0711
