t none vo rvo orca
0.0000 7.6537 7.6537 7.6537 7.6537
0.1000 7.5742 7.5742 7.5742 7.5742
0.2000 7.4948 7.4948 7.4948 7.4948
0.3000 7.4154 7.4154 7.4154 7.4154
0.4000 7.3361 7.3361 7.3361 7.3361
0.5000 7.2567 7.2567 7.2567 7.2567
0.6000 7.1773 7.1773 7.1773 7.1773
0.7000 7.0980 7.0980 7.0980 7.0980
0.8000 7.0187 7.0187 7.0187 7.0187
0.9000 6.9394 6.9394 6.9394 6.9394
1.0000 6.8601 6.8601 6.8601 6.8601
1.1000 6.7809 6.7809 6.7809 6.7809
1.2000 6.7016 6.7016 6.7016 6.7016
1.3000 6.6224 6.6224 6.6224 6.6224
1.4000 6.5432 6.5432 6.5432 6.5432
1.5000 6.4640 6.4640 6.4640 6.4640
1.6000 6.3848 6.3848 6.3848 6.3848
1.7000 6.3056 6.3056 6.3056 6.3056
1.8000 6.2265 6.2265 6.2265 6.2265
1.9000 6.1474 6.1474 6.1474 6.1474
2.0000 6.0683 6.0683 6.0683 6.0683
2.1000 5.9892 5.9892 5.9892 5.9892
2.2000 5.9101 5.9101 5.9101 5.9101
2.3000 5.8310 5.8310 5.8310 5.8310
2.4000 5.7520 5.7520 5.7520 5.7520
2.5000 5.6730 5.6730 5.6730 5.6730
2.6000 5.5940 5.5940 5.5940 5.5940
2.7000 5.5150 5.5150 5.5150 5.5150
2.8000 5.4361 5.4361 5.4361 5.4361
2.9000 5.3571 5.3571 5.3571 5.3571
3.0000 5.2782 5.2782 5.2782 5.2782
3.1000 5.1993 5.1993 5.1993 5.1993
3.2000 5.1204 5.1204 5.1204 5.1204
3.3000 5.0416 5.0416 5.0416 5.0416
3.4000 4.9627 4.9627 4.9627 4.9627
3.5000 4.8839 4.8839 4.8839 4.8839
3.6000 4.8051 4.8095 4.8150 4.8060
3.7000 4.7263 4.7353 4.7362 4.7295
3.8000 4.6475 4.6611 4.6673 4.6546
3.9000 4.5688 4.5870 4.5939 4.5815
4.0000 4.4901 4.5129 4.5325 4.5098
4.1000 4.4114 4.4460 4.4535 4.4396
4.2000 4.3327 4.3720 4.3846 4.3708
4.3000 4.2541 4.3051 4.3272 4.3034
4.4000 4.1754 4.2312 4.2698 4.2373
4.5000 4.0968 4.1771 4.2124 4.1725
4.6000 4.0182 4.1031 4.1537 4.1090
4.7000 3.9397 4.0348 4.0733 4.0468
4.8000 3.8611 3.9763 4.0044 3.9858
4.9000 3.7826 3.9119 3.9471 3.9260
5.0000 3.7041 3.8386 3.8782 3.8674
5.1000 3.6257 3.7758 3.8208 3.8100
5.2000 3.5472 3.6986 3.7519 3.7537
5.3000 3.4688 3.6322 3.6945 3.6985
5.4000 3.3904 3.5740 3.6486 3.6444
5.5000 3.3121 3.5107 3.5786 3.5914
5.6000 3.2337 3.4559 3.5194 3.5394
5.7000 3.1554 3.3982 3.4600 3.4884
5.8000 3.0771 3.3301 3.3831 3.4384
5.9000 2.9989 3.2668 3.3318 3.3894
6.0000 2.9207 3.1826 3.2811 3.3413
6.1000 2.8425 3.1192 3.1982 3.2942
6.2000 2.7643 3.0494 3.1183 3.2479
6.3000 2.6862 2.9956 3.0503 3.2025
6.4000 2.6081 2.9262 2.9816 3.1579
6.5000 2.5301 2.8592 2.9444 3.1142
6.6000 2.4520 2.7398 2.8690 3.0713
6.7000 2.3741 2.6713 2.7997 3.0291
6.8000 2.2961 2.5581 2.7321 2.9877
6.9000 2.2182 2.5002 2.6275 2.9470
7.0000 2.1403 2.3721 2.5527 2.9071
7.1000 2.0625 2.3105 2.4709 2.8678
7.2000 1.9848 2.1760 2.3796 2.8292
7.3000 1.9070 2.1149 2.3150 2.7912
7.4000 1.8294 1.9803 2.2586 2.7538
7.5000 1.7518 1.9177 2.2349 2.7170
7.6000 1.6743 1.7828 2.1701 2.6807
7.7000 1.5968 1.7339 2.1468 2.6450
7.8000 1.5194 1.5995 2.0602 2.6098
7.9000 1.4421 1.5670 2.0252 2.5751
8.0000 1.3649 1.4401 1.9586 2.5409
8.1000 1.2878 1.4217 1.8629 2.5071
8.2000 1.2108 1.2943 1.7906 2.4737
8.3000 1.1340 1.2911 1.7374 2.4407
8.4000 1.0574 1.1698 1.6797 2.4081
8.5000 0.9810 1.1586 1.6285 2.3759
8.6000 0.9048 1.0671 1.5964 2.3440
8.7000 0.8289 1.0842 1.5643 2.3123
8.8000 0.7535 1.0226 1.5366 2.2810
8.9000 0.6785 1.0403 1.5085 2.2500
9.0000 0.6043 1.0121 1.4451 2.2192
9.1000 0.5312 1.0175 1.4220 2.1886
9.2000 0.4595 1.0224 1.4053 2.1583
9.3000 0.3900 1.0090 1.3807 2.1282
9.4000 0.3243 1.0469 1.3493 2.0983
9.5000 0.2652 1.0185 1.3123 2.0686
9.6000 0.2178 1.0262 1.2696 2.0390
9.7000 0.1437 1.0177 1.2251 2.0097
9.8000 0.0674 0.9996 1.1844 1.9804
9.9000 0.0103 0.9307 1.1481 1.9514
10.0000 0.0196 0.8629 1.1165 1.9225
10.1000 0.0610 0.7965 1.0900 1.8937
10.2000 0.1004 0.7319 1.0640 1.8652
10.3000 0.0701 0.6695 1.0440 1.8368
10.4000 0.0109 0.6102 1.0306 1.8086
10.5000 0.0806 0.5547 1.0238 1.7805
10.6000 0.1551 0.5044 1.0239 1.7527
10.7000 0.2299 0.4610 1.0234 1.7251
10.8000 0.3046 0.4265 1.0153 1.6977
10.9000 0.3795 0.4033 1.0104 1.6706
11.0000 0.4544 0.3933 1.0087 1.6437
11.1000 0.5293 0.3976 1.0204 1.6170
11.2000 0.6042 0.4156 1.0204 1.5906
11.3000 0.6792 0.4457 1.0214 1.5645
11.4000 0.7542 0.4856 1.0180 1.5387
11.5000 0.8293 0.5332 1.0155 1.5132
11.6000 0.9044 0.5865 1.0123 1.4881
11.7000 0.9795 0.6441 1.0107 1.4628
11.8000 1.0546 0.7050 1.0115 1.4374
11.9000 1.1298 0.7683 1.0115 1.4125
12.0000 1.2050 0.8336 1.0101 1.3880
12.1000 1.2802 0.9003 1.0110 1.3640
12.2000 1.3555 0.9682 1.0087 1.3404
12.3000 1.4308 1.0089 1.0105 1.3174
12.4000 1.5061 1.0052 1.0163 1.2949
12.5000 1.5815 1.0127 1.0155 1.2729
12.6000 1.6569 1.0385 1.0146 1.2516
12.7000 1.7324 1.0813 1.0116 1.2309
12.8000 1.8079 1.1392 1.0140 1.2108
12.9000 1.8834 1.2100 1.0235 1.1914
13.0000 1.9589 1.2915 1.0310 1.1728
13.1000 2.0345 1.3820 1.0350 1.1549
13.2000 2.1101 1.4796 1.0350 1.1378
13.3000 2.1858 1.5833 1.0379 1.1215
13.4000 2.2615 1.6647 1.0245 1.1061
13.5000 2.3373 1.7339 1.0233 1.0916
13.6000 2.4130 1.8043 1.0356 1.0780
13.7000 2.4889 1.8757 1.0319 1.0655
13.8000 2.5647 1.9479 1.0182 1.0539
13.9000 2.6406 2.0209 1.0086 1.0434
14.0000 2.7166 2.0946 1.0034 1.0339
14.1000 2.7926 2.1690 1.0026 1.0256
14.2000 2.8686 2.2439 1.0016 1.0184
14.3000 2.9447 2.3193 1.0024 1.0124
14.4000 3.0208 2.3744 1.0066 1.0075
14.5000 3.0970 2.4180 1.0053 1.0038
14.6000 3.1732 2.4559 1.0020 1.0014
14.7000 3.2495 2.4776 1.0041 1.0002
14.8000 3.3258 2.5026 1.0033 1.0000
14.9000 3.4022 2.5306 1.0106 1.0001
15.0000 3.4786 2.5616 1.0257 1.0000
15.1000 3.5551 2.5955 1.0483 1.0001
15.2000 3.6316 2.6322 1.0779 1.0000
15.3000 3.7082 2.6715 1.1140 1.0001
15.4000 3.7848 2.7133 1.1559 1.0000
15.5000 3.8615 2.7576 1.2031 1.0001
15.6000 3.9382 2.8041 1.2549 1.0000
15.7000 4.0150 2.8528 1.3108 1.0007
15.8000 4.0918 2.9035 1.3703 1.0060
15.9000 4.1687 2.9562 1.4330 1.0156
16.0000 4.2457 3.0108 1.4984 1.0260
16.1000 4.3228 3.0670 1.5663 1.0366
16.2000 4.3999 3.1250 1.6362 1.0445
16.3000 4.4770 3.1844 1.7080 1.0514
16.4000 4.5542 3.2454 1.7814 1.0630
16.5000 4.6315 3.3077 1.8563 1.0800
16.6000 4.7089 3.3712 1.9324 1.1022
16.7000 4.7864 3.4361 2.0096 1.1293
16.8000 4.8639 3.5020 2.0878 1.1609
16.9000 4.9415 3.5690 2.1670 1.1966
17.0000 5.0192 3.6371 2.2469 1.2362
17.1000 5.0969 3.7061 2.3275 1.2793
17.2000 5.1747 3.7760 2.4087 1.3254
17.3000 5.2527 3.8467 2.4906 1.3731
17.4000 5.3307 3.9182 2.5729 1.4215
17.5000 5.4088 3.9905 2.6558 1.4720
17.6000 5.4870 4.0635 2.7390 1.5243
17.7000 5.5653 4.1371 2.8227 1.5782
17.8000 5.6437 4.2114 2.9067 1.6337
17.9000 5.7222 4.2862 2.9910 1.6905
18.0000 5.8008 4.3616 3.0757 1.7485
18.1000 5.8796 4.4375 3.1606 1.8077
18.2000 5.9584 4.5139 3.2457 1.8679
18.3000 6.0374 4.5907 3.3311 1.9290
18.4000 6.1165 4.6680 3.4167 1.9909
18.5000 6.1958 4.7457 3.5025 2.0536
18.6000 6.2752 4.8237 3.5885 2.1170
18.7000 6.3548 4.9021 3.6747 2.1811
18.8000 6.4345 4.9809 3.7610 2.2457
18.9000 6.5144 5.0599 3.8475 2.3109
19.0000 6.5945 5.1392 3.9341 2.3766
19.1000 6.6748 5.2188 4.0209 2.4428
19.2000 6.7553 5.2987 4.1077 2.5094
19.3000 6.8361 5.3787 4.1947 2.5764
19.4000 6.9171 5.4590 4.2818 2.6438
19.5000 6.9985 5.5395 4.3690 2.7116
19.6000 7.0801 5.6202 4.4563 2.7797
19.7000 7.1622 5.6982 4.5436 2.8481
19.8000 7.2446 5.7706 4.6311 2.9168
19.9000 7.3277 5.8433 4.7186 2.9858
20.0000 7.4114 5.9162 4.8062 3.0550
20.1000 7.4960 5.9894 4.8939 3.1245
20.2000 7.5820 6.0627 4.9816 3.1943
20.3000 7.6495 6.1363 5.0694 3.2642
20.4000 7.6499 6.2101 5.1572 3.3344
20.5000 7.6499 6.2842 5.2451 3.4048
20.6000 7.6499 6.3585 5.3331 3.4753
20.7000 7.6499 6.4331 5.4181 3.5461
20.8000 7.6499 6.5079 5.5022 3.6170
20.9000 7.6499 6.5831 5.5866 3.6882
21.0000 7.6499 6.6585 5.6710 3.7595
21.1000 7.6499 6.7343 5.7556 3.8309
21.2000 7.6499 6.8106 5.8404 3.9025
21.3000 7.6499 6.8873 5.9253 3.9743
21.4000 7.6499 6.9648 6.0103 4.0462
21.5000 7.6499 7.0264 6.0956 4.1183
21.6000 7.6499 7.0403 6.1810 4.1905
21.7000 7.6499 7.0555 6.2665 4.2628
21.8000 7.6499 7.0722 6.3523 4.3353
21.9000 7.6499 7.0904 6.4382 4.4079
22.0000 7.6499 7.1099 6.5144 4.4807
22.1000 7.6499 7.1308 6.5868 4.5536
22.2000 7.6499 7.1531 6.6591 4.6266
22.3000 7.6499 7.1768 6.7314 4.6997
22.4000 7.6499 7.2018 6.8037 4.7730
22.5000 7.6499 7.2283 6.8759 4.8464
22.6000 7.6499 7.2560 6.9481 4.9199
22.7000 7.6499 7.2852 7.0202 4.9936
22.8000 7.6499 7.3157 7.0922 5.0673
22.9000 7.6499 7.3475 7.1641 5.1412
23.0000 7.6499 7.3807 7.2359 5.2153
23.1000 7.6499 7.4153 7.3076 5.2894
23.2000 7.6499 7.4512 7.3792 5.3637
23.3000 7.6499 7.4885 7.4505 5.4381
23.4000 7.6499 7.5273 7.5215 5.5127
23.5000 7.6499 7.5676 7.5921 5.5873
23.6000 7.6499 7.6097 7.6499 5.6622
23.7000 7.6499 7.6499 7.6499 5.7371
23.8000 7.6499 7.6499 7.6499 5.8122
23.9000 7.6499 7.6499 7.6499 5.8874
24.0000 7.6499 7.6499 7.6499 5.9628
24.1000 7.6499 7.6499 7.6499 6.0384
24.2000 7.6499 7.6499 7.6499 6.1140
24.3000 7.6499 7.6499 7.6499 6.1899
24.4000 7.6499 7.6499 7.6499 6.2659
24.5000 7.6499 7.6499 7.6499 6.3421
24.6000 7.6499 7.6499 7.6499 6.4185
24.7000 7.6499 7.6499 7.6499 6.4951
24.8000 7.6499 7.6499 7.6499 6.5719
24.9000 7.6499 7.6499 7.6499 6.6488
25.0000 7.6499 7.6499 7.6499 6.7261
25.1000 7.6499 7.6499 7.6499 6.8035
25.2000 7.6499 7.6499 7.6499 6.8813
25.3000 7.6499 7.6499 7.6499 6.9593
25.4000 7.6499 7.6499 7.6499 7.0376
25.5000 7.6499 7.6499 7.6499 7.1163
25.6000 7.6499 7.6499 7.6499 7.1955
25.7000 7.6499 7.6499 7.6499 7.2750
25.8000 7.6499 7.6499 7.6499 7.3552
25.9000 7.6499 7.6499 7.6499 7.4297
26.0000 7.6499 7.6499 7.6499 7.5007
26.1000 7.6499 7.6499 7.6499 7.5702
26.2000 7.6499 7.6499 7.6499 7.6226
26.3000 7.6499 7.6499 7.6499 7.6499
26.4000 7.6499 7.6499 7.6499 7.6499
26.5000 7.6499 7.6499 7.6499 7.6499
26.6000 7.6499 7.6499 7.6499 7.6499
26.7000 7.6499 7.6499 7.6499 7.6499
26.8000 7.6499 7.6499 7.6499 7.6499
26.9000 7.6499 7.6499 7.6499 7.6499
27.0000 7.6499 7.6499 7.6499 7.6499
27.1000 7.6499 7.6499 7.6499 7.6499
27.2000 7.6499 7.6499 7.6499 7.6499
27.3000 7.6499 7.6499 7.6499 7.6499
27.4000 7.6499 7.6499 7.6499 7.6499
27.5000 7.6499 7.6499 7.6499 7.6499
27.6000 7.6499 7.6499 7.6499 7.6499
27.7000 7.6499 7.6499 7.6499 7.6499
27.8000 7.6499 7.6499 7.6499 7.6499
27.9000 7.6499 7.6499 7.6499 7.6499
28.0000 7.6499 7.6499 7.6499 7.6499
28.1000 7.6499 7.6499 7.6499 7.6499
28.2000 7.6499 7.6499 7.6499 7.6499
28.3000 7.6499 7.6499 7.6499 7.6499
28.4000 7.6499 7.6499 7.6499 7.6499
28.5000 7.6499 7.6499 7.6499 7.6499
28.6000 7.6499 7.6499 7.6499 7.6499
28.7000 7.6499 7.6499 7.6499 7.6499
28.8000 7.6499 7.6499 7.6499 7.6499
28.9000 7.6499 7.6499 7.6499 7.6499
29.0000 7.6499 7.6499 7.6499 7.6499
29.1000 7.6499 7.6499 7.6499 7.6499
29.2000 7.6499 7.6499 7.6499 7.6499
29.3000 7.6499 7.6499 7.6499 7.6499
29.4000 7.6499 7.6499 7.6499 7.6499
29.5000 7.6499 7.6499 7.6499 7.6499
29.6000 7.6499 7.6499 7.6499 7.6499
29.7000 7.6499 7.6499 7.6499 7.6499
29.8000 7.6499 7.6499 7.6499 7.6499
29.9000 7.6499 7.6499 7.6499 7.6499
30.0000 7.6499 7.6499 7.6499 7.6499
