x Uatt Urep U
0.0000 32.0000 0.0000 32.0000
0.0250 31.8003 0.0000 31.8003
0.0500 31.6013 0.0000 31.6013
0.0750 31.4028 0.0000 31.4028
0.1000 31.2050 0.0000 31.2050
0.1250 31.0078 0.0000 31.0078
0.1500 30.8112 0.0000 30.8112
0.1750 30.6153 0.0000 30.6153
0.2000 30.4200 0.0000 30.4200
0.2250 30.2253 0.0000 30.2253
0.2500 30.0312 0.0000 30.0312
0.2750 29.8378 0.0000 29.8378
0.3000 29.6450 0.0000 29.6450
0.3250 29.4528 0.0000 29.4528
0.3500 29.2613 0.0000 29.2613
0.3750 29.0703 0.0000 29.0703
0.4000 28.8800 0.0000 28.8800
0.4250 28.6903 0.0000 28.6903
0.4500 28.5012 0.0000 28.5012
0.4750 28.3128 0.0000 28.3128
0.5000 28.1250 0.0000 28.1250
0.5250 27.9378 0.0000 27.9378
0.5500 27.7513 0.0000 27.7513
0.5750 27.5653 0.0000 27.5653
0.6000 27.3800 0.0000 27.3800
0.6250 27.1953 0.0000 27.1953
0.6500 27.0112 0.0000 27.0112
0.6750 26.8278 0.0000 26.8278
0.7000 26.6450 0.0000 26.6450
0.7250 26.4628 0.0000 26.4628
0.7500 26.2812 0.0000 26.2812
0.7750 26.1003 0.0000 26.1003
0.8000 25.9200 0.0000 25.9200
0.8250 25.7403 0.0000 25.7403
0.8500 25.5613 0.0000 25.5613
0.8750 25.3828 0.0000 25.3828
0.9000 25.2050 0.0000 25.2050
0.9250 25.0278 0.0000 25.0278
0.9500 24.8513 0.0000 24.8513
0.9750 24.6753 0.0000 24.6753
1.0000 24.5000 0.0000 24.5000
1.0250 24.3253 0.0000 24.3253
1.0500 24.1513 0.0001 24.1513
1.0750 23.9778 0.0002 23.9780
1.1000 23.8050 0.0003 23.8053
1.1250 23.6328 0.0006 23.6334
1.1500 23.4612 0.0008 23.4621
1.1750 23.2903 0.0011 23.2915
1.2000 23.1200 0.0015 23.1215
1.2250 22.9503 0.0020 22.9523
1.2500 22.7812 0.0026 22.7838
1.2750 22.6128 0.0032 22.6160
1.3000 22.4450 0.0039 22.4489
1.3250 22.2778 0.0047 22.2825
1.3500 22.1113 0.0056 22.1169
1.3750 21.9453 0.0067 21.9520
1.4000 21.7800 0.0078 21.7878
1.4250 21.6153 0.0091 21.6244
1.4500 21.4512 0.0105 21.4618
1.4750 21.2878 0.0121 21.2999
1.5000 21.1250 0.0139 21.1389
1.5250 20.9628 0.0158 20.9786
1.5500 20.8012 0.0180 20.8192
1.5750 20.6403 0.0204 20.6607
1.6000 20.4800 0.0230 20.5030
1.6250 20.3203 0.0258 20.3461
1.6500 20.1612 0.0290 20.1902
1.6750 20.0028 0.0324 20.0353
1.7000 19.8450 0.0362 19.8812
1.7250 19.6878 0.0404 19.7282
1.7500 19.5312 0.0450 19.5763
1.7750 19.3753 0.0500 19.4253
1.8000 19.2200 0.0556 19.2756
1.8250 19.0653 0.0616 19.1269
1.8500 18.9113 0.0683 18.9795
1.8750 18.7578 0.0756 18.8334
1.9000 18.6050 0.0837 18.6887
1.9250 18.4528 0.0926 18.5454
1.9500 18.3012 0.1023 18.4036
1.9750 18.1503 0.1131 18.2634
2.0000 18.0000 0.1250 18.1250
2.0250 17.8503 0.1381 17.9885
2.0500 17.7012 0.1527 17.8540
2.0750 17.5528 0.1688 17.7216
2.1000 17.4050 0.1867 17.5917
2.1250 17.2578 0.2066 17.4644
2.1500 17.1112 0.2288 17.3401
2.1750 16.9653 0.2536 17.2189
2.2000 16.8200 0.2813 17.1013
2.2250 16.6753 0.3123 16.9876
2.2500 16.5312 0.3472 16.8785
2.2750 16.3878 0.3866 16.7744
2.3000 16.2450 0.4311 16.6761
2.3250 16.1028 0.4817 16.5845
2.3500 15.9613 0.5392 16.5005
2.3750 15.8203 0.6050 16.4253
2.4000 15.6800 0.6806 16.3606
2.4250 15.5403 0.7677 16.3080
2.4500 15.4012 0.8688 16.2701
2.4750 15.2628 0.9867 16.2495
2.5000 15.1250 1.1250 16.2500
2.5250 14.9878 1.2884 16.2762
2.5500 14.8512 1.4830 16.3343
2.5750 14.7153 1.7167 16.4320
2.6000 14.5800 2.0000 16.5800
2.6250 14.4453 2.3472 16.7925
2.6500 14.3112 2.7781 17.0893
2.6750 14.1778 3.3203 17.4981
2.7000 14.0450 4.0139 18.0589
2.7250 13.9128 4.9184 18.8312
2.7500 13.7812 6.1250 19.9062
2.7750 13.6503 7.7793 21.4296
2.8000 13.5200 10.1250 23.6450
2.8250 13.3903 13.5944 26.9847
2.8500 13.2613 19.0139 32.2751
2.8750 13.1328 28.1250 40.0000
2.9000 13.0050 40.0000 40.0000
2.9250 12.8778 40.0000 40.0000
2.9500 12.7512 40.0000 40.0000
2.9750 12.6253 40.0000 40.0000
3.0000 nan nan nan
3.0250 nan nan nan
3.0500 nan nan nan
3.0750 nan nan nan
3.1000 nan nan nan
3.1250 nan nan nan
3.1500 nan nan nan
3.1750 nan nan nan
3.2000 nan nan nan
3.2250 nan nan nan
3.2500 nan nan nan
3.2750 nan nan nan
3.3000 nan nan nan
3.3250 nan nan nan
3.3500 nan nan nan
3.3750 nan nan nan
3.4000 nan nan nan
3.4250 nan nan nan
3.4500 nan nan nan
3.4750 nan nan nan
3.5000 nan nan nan
3.5250 nan nan nan
3.5500 nan nan nan
3.5750 nan nan nan
3.6000 nan nan nan
3.6250 nan nan nan
3.6500 nan nan nan
3.6750 nan nan nan
3.7000 nan nan nan
3.7250 nan nan nan
3.7500 nan nan nan
3.7750 nan nan nan
3.8000 nan nan nan
3.8250 nan nan nan
3.8500 nan nan nan
3.8750 nan nan nan
3.9000 nan nan nan
3.9250 nan nan nan
3.9500 nan nan nan
3.9750 nan nan nan
4.0000 nan nan nan
4.0250 nan nan nan
4.0500 nan nan nan
4.0750 nan nan nan
4.1000 nan nan nan
4.1250 nan nan nan
4.1500 nan nan nan
4.1750 nan nan nan
4.2000 nan nan nan
4.2250 nan nan nan
4.2500 nan nan nan
4.2750 nan nan nan
4.3000 nan nan nan
4.3250 nan nan nan
4.3500 nan nan nan
4.3750 nan nan nan
4.4000 nan nan nan
4.4250 nan nan nan
4.4500 nan nan nan
4.4750 nan nan nan
4.5000 nan nan nan
4.5250 nan nan nan
4.5500 nan nan nan
4.5750 nan nan nan
4.6000 nan nan nan
4.6250 nan nan nan
4.6500 nan nan nan
4.6750 nan nan nan
4.7000 nan nan nan
4.7250 nan nan nan
4.7500 nan nan nan
4.7750 nan nan nan
4.8000 nan nan nan
4.8250 nan nan nan
4.8500 nan nan nan
4.8750 nan nan nan
4.9000 nan nan nan
4.9250 nan nan nan
4.9500 nan nan nan
4.9750 nan nan nan
5.0000 nan nan nan
5.0250 4.4253 40.0000 40.0000
5.0500 4.3512 40.0000 40.0000
5.0750 4.2778 40.0000 40.0000
5.1000 4.2050 40.0000 40.0000
5.1250 4.1328 28.1250 32.2578
5.1500 4.0612 19.0139 23.0751
5.1750 3.9903 13.5944 17.5847
5.2000 3.9200 10.1250 14.0450
5.2250 3.8503 7.7793 11.6296
5.2500 3.7812 6.1250 9.9062
5.2750 3.7128 4.9184 8.6312
5.3000 3.6450 4.0139 7.6589
5.3250 3.5778 3.3203 6.8981
5.3500 3.5112 2.7781 6.2893
5.3750 3.4453 2.3472 5.7925
5.4000 3.3800 2.0000 5.3800
5.4250 3.3153 1.7167 5.0320
5.4500 3.2512 1.4830 4.7343
5.4750 3.1878 1.2884 4.4762
5.5000 3.1250 1.1250 4.2500
5.5250 3.0628 0.9867 4.0495
5.5500 3.0012 0.8688 3.8701
5.5750 2.9403 0.7677 3.7080
5.6000 2.8800 0.6806 3.5606
5.6250 2.8203 0.6050 3.4253
5.6500 2.7612 0.5392 3.3005
5.6750 2.7028 0.4817 3.1845
5.7000 2.6450 0.4311 3.0761
5.7250 2.5878 0.3866 2.9744
5.7500 2.5312 0.3472 2.8785
5.7750 2.4753 0.3123 2.7876
5.8000 2.4200 0.2812 2.7012
5.8250 2.3653 0.2536 2.6189
5.8500 2.3112 0.2288 2.5401
5.8750 2.2578 0.2066 2.4644
5.9000 2.2050 0.1867 2.3917
5.9250 2.1528 0.1688 2.3216
5.9500 2.1012 0.1527 2.2540
5.9750 2.0503 0.1381 2.1885
6.0000 2.0000 0.1250 2.1250
6.0250 1.9503 0.1131 2.0634
6.0500 1.9012 0.1023 2.0036
6.0750 1.8528 0.0926 1.9454
6.1000 1.8050 0.0837 1.8887
6.1250 1.7578 0.0756 1.8334
6.1500 1.7112 0.0683 1.7795
6.1750 1.6653 0.0616 1.7269
6.2000 1.6200 0.0556 1.6756
6.2250 1.5753 0.0500 1.6253
6.2500 1.5312 0.0450 1.5762
6.2750 1.4878 0.0404 1.5282
6.3000 1.4450 0.0362 1.4812
6.3250 1.4028 0.0324 1.4353
6.3500 1.3612 0.0290 1.3902
6.3750 1.3203 0.0258 1.3461
6.4000 1.2800 0.0230 1.3030
6.4250 1.2403 0.0204 1.2607
6.4500 1.2012 0.0180 1.2192
6.4750 1.1628 0.0158 1.1786
6.5000 1.1250 0.0139 1.1389
6.5250 1.0878 0.0121 1.0999
6.5500 1.0512 0.0105 1.0618
6.5750 1.0153 0.0091 1.0244
6.6000 0.9800 0.0078 0.9878
6.6250 0.9453 0.0067 0.9520
6.6500 0.9112 0.0056 0.9169
6.6750 0.8778 0.0047 0.8825
6.7000 0.8450 0.0039 0.8489
6.7250 0.8128 0.0032 0.8160
6.7500 0.7812 0.0026 0.7838
6.7750 0.7503 0.0020 0.7523
6.8000 0.7200 0.0015 0.7215
6.8250 0.6903 0.0011 0.6915
6.8500 0.6612 0.0008 0.6621
6.8750 0.6328 0.0006 0.6334
6.9000 0.6050 0.0003 0.6053
6.9250 0.5778 0.0002 0.5780
6.9500 0.5512 0.0001 0.5513
6.9750 0.5253 0.0000 0.5253
7.0000 0.5000 0.0000 0.5000
7.0250 0.4753 0.0000 0.4753
7.0500 0.4512 0.0000 0.4512
7.0750 0.4278 0.0000 0.4278
7.1000 0.4050 0.0000 0.4050
7.1250 0.3828 0.0000 0.3828
7.1500 0.3612 0.0000 0.3612
7.1750 0.3403 0.0000 0.3403
7.2000 0.3200 0.0000 0.3200
7.2250 0.3003 0.0000 0.3003
7.2500 0.2812 0.0000 0.2812
7.2750 0.2628 0.0000 0.2628
7.3000 0.2450 0.0000 0.2450
7.3250 0.2278 0.0000 0.2278
7.3500 0.2112 0.0000 0.2112
7.3750 0.1953 0.0000 0.1953
7.4000 0.1800 0.0000 0.1800
7.4250 0.1653 0.0000 0.1653
7.4500 0.1512 0.0000 0.1512
7.4750 0.1378 0.0000 0.1378
7.5000 0.1250 0.0000 0.1250
7.5250 0.1128 0.0000 0.1128
7.5500 0.1012 0.0000 0.1012
7.5750 0.0903 0.0000 0.0903
7.6000 0.0800 0.0000 0.0800
7.6250 0.0703 0.0000 0.0703
7.6500 0.0612 0.0000 0.0612
7.6750 0.0528 0.0000 0.0528
7.7000 0.0450 0.0000 0.0450
7.7250 0.0378 0.0000 0.0378
7.7500 0.0312 0.0000 0.0312
7.7750 0.0253 0.0000 0.0253
7.8000 0.0200 0.0000 0.0200
7.8250 0.0153 0.0000 0.0153
7.8500 0.0112 0.0000 0.0112
7.8750 0.0078 0.0000 0.0078
7.9000 0.0050 0.0000 0.0050
7.9250 0.0028 0.0000 0.0028
7.9500 0.0012 0.0000 0.0012
7.9750 0.0003 0.0000 0.0003
8.0000 0.0000 0.0000 0.0000
