x y
3.0000 0.0000
2.8000 0.0000
2.6000 0.0000
2.4000 0.0000
2.2000 0.0000
2.0000 0.0000
1.8000 -0.0000
1.6000 -0.0000
1.4000 -0.0000
1.2000 -0.0000
1.0462 -0.0000
1.0445 0.0000
1.0445 0.0000
1.0445 0.0000
1.0445 0.0000
1.0445 0.0000
1.0445 0.0000
1.0445 0.0000
1.0445 0.0000
1.0445 0.0000
1.0445 0.0000
1.0445 0.0000
1.0445 0.0000
1.0445 0.0000
1.0445 0.0000
1.0445 0.0000
1.0446 0.0000
1.0450 0.0000
1.0473 0.0000
1.0590 0.0000
1.1162 0.0000
1.2466 -0.0000
1.2896 -0.0000
1.2904 -0.0000
1.2904 -0.0000
1.2904 -0.0000
1.2904 -0.0000
1.2904 -0.0000
1.2904 -0.0000
1.2904 -0.0000
1.2904 -0.0000
1.2904 -0.0000
1.2904 -0.0000
1.2904 -0.0000
1.2904 -0.0000
1.2904 -0.0000
1.2904 -0.0000
1.2904 -0.0000
1.2904 -0.0000
1.2904 -0.0000
1.2904 -0.0000
1.2904 -0.0000
1.2904 -0.0000
1.2904 -0.0000
1.2904 -0.0000
1.2904 -0.0000
1.2904 -0.0000
1.2904 -0.0000
1.2904 -0.0000
1.2904 -0.0001
1.2904 -0.0001
1.2904 -0.0002
1.2904 -0.0004
1.2904 -0.0007
1.2904 -0.0011
1.2904 -0.0019
1.2904 -0.0034
1.2904 -0.0058
1.2904 -0.0100
1.2903 -0.0173
1.2901 -0.0299
1.2895 -0.0516
1.2876 -0.0890
1.2821 -0.1532
1.2659 -0.2629
1.2212 -0.4384
1.1478 -0.6243
1.0508 -0.7991
0.9324 -0.9601
0.7948 -1.1051
0.6406 -1.2323
0.4725 -1.3405
0.2931 -1.4286
0.1049 -1.4958
-0.0897 -1.5415
-0.2882 -1.5649
-0.4881 -1.5649
-0.6865 -1.5405
-0.8800 -1.4904
-1.0651 -1.4151
-1.2409 -1.3199
-1.4090 -1.2115
-1.5717 -1.0953
-1.7314 -0.9749
-1.8899 -0.8530
-2.0483 -0.7308
-2.2069 -0.6090
-2.3520 -0.4976
-2.4705 -0.4066
-2.5674 -0.3322
-2.6465 -0.2714
-2.7112 -0.2218
-2.7640 -0.1812
-2.8072 -0.1481
-2.8425 -0.1210
-2.8713 -0.0988
-2.8948 -0.0808
-2.9141 -0.0660
-2.9298 -0.0539
-2.9426 -0.0441
-2.9531 -0.0360
-2.9617 -0.0294
-2.9687 -0.0240
-2.9744 -0.0196
-2.9791 -0.0160
-2.9829 -0.0131
-2.9861 -0.0107
-2.9886 -0.0088
-2.9907 -0.0072
-2.9924 -0.0058
-2.9938 -0.0048
-2.9949 -0.0039
-2.9958 -0.0032
-2.9966 -0.0026
-2.9972 -0.0021
-2.9977 -0.0017
-2.9982 -0.0014
-2.9985 -0.0012
-2.9988 -0.0009
-2.9990 -0.0008
-2.9992 -0.0006
-2.9993 -0.0005
-2.9994 -0.0004
-2.9996 -0.0003
-2.9996 -0.0003
-2.9997 -0.0002
-2.9998 -0.0002
-2.9998 -0.0002
-2.9998 -0.0001
-2.9999 -0.0001
-2.9999 -0.0001
-2.9999 -0.0001
-2.9999 -0.0001
-2.9999 -0.0000
-3.0000 -0.0000
-3.0000 -0.0000
-3.0000 -0.0000
-3.0000 -0.0000
-3.0000 -0.0000
-3.0000 -0.0000
-3.0000 -0.0000
nan nan
1.5000 2.5981
1.4000 2.4249
1.3000 2.2517
1.2000 2.0785
1.1000 1.9053
1.0000 1.7321
0.9000 1.5588
0.8000 1.3856
0.7000 1.2124
0.6000 1.0392
0.5231 0.9060
0.5222 0.9046
0.5222 0.9046
0.5222 0.9046
0.5222 0.9046
0.5222 0.9046
0.5222 0.9046
0.5222 0.9046
0.5222 0.9046
0.5222 0.9046
0.5222 0.9046
0.5222 0.9046
0.5222 0.9046
0.5222 0.9046
0.5222 0.9045
0.5222 0.9045
0.5222 0.9045
0.5220 0.9041
0.5208 0.9021
0.5148 0.8916
0.4817 0.8344
0.3855 0.6678
0.3322 0.5753
0.3320 0.5751
0.3320 0.5751
0.3320 0.5751
0.3320 0.5751
0.3320 0.5751
0.3320 0.5751
0.3320 0.5751
0.3320 0.5751
0.3320 0.5751
0.3320 0.5751
0.3320 0.5751
0.3320 0.5751
0.3320 0.5751
0.3320 0.5751
0.3320 0.5751
0.3320 0.5751
0.3320 0.5751
0.3320 0.5751
0.3320 0.5751
0.3320 0.5751
0.3320 0.5751
0.3320 0.5751
0.3320 0.5751
0.3320 0.5751
0.3320 0.5751
0.3321 0.5751
0.3321 0.5751
0.3321 0.5751
0.3321 0.5750
0.3322 0.5750
0.3323 0.5749
0.3326 0.5748
0.3330 0.5746
0.3336 0.5742
0.3348 0.5735
0.3368 0.5723
0.3402 0.5703
0.3461 0.5668
0.3561 0.5606
0.3733 0.5494
0.4021 0.5292
0.4493 0.4913
0.5211 0.4193
0.5928 0.3217
0.6479 0.2131
0.6855 0.0964
0.7049 -0.0257
0.7061 -0.1504
0.6901 -0.2751
0.6588 -0.3981
0.6154 -0.5185
0.5638 -0.6382
0.5083 -0.7619
0.4513 -0.8986
0.3898 -1.0593
0.3171 -1.2436
0.2233 -1.4200
0.1046 -1.5808
-0.0339 -1.7249
-0.1868 -1.8537
-0.3498 -1.9696
-0.5196 -2.0752
-0.6911 -2.1714
-0.8390 -2.2495
-0.9599 -2.3133
-1.0587 -2.3654
-1.1394 -2.4079
-1.2054 -2.4427
-1.2593 -2.4711
-1.3033 -2.4944
-1.3393 -2.5133
-1.3687 -2.5288
-1.3927 -2.5415
-1.4123 -2.5518
-1.4284 -2.5603
-1.4415 -2.5672
-1.4522 -2.5729
-1.4609 -2.5775
-1.4681 -2.5812
-1.4739 -2.5843
-1.4787 -2.5868
-1.4826 -2.5889
-1.4858 -2.5906
-1.4884 -2.5919
-1.4905 -2.5931
-1.4922 -2.5940
-1.4937 -2.5947
-1.4948 -2.5953
-1.4958 -2.5958
-1.4965 -2.5963
-1.4972 -2.5966
-1.4977 -2.5969
-1.4981 -2.5971
-1.4985 -2.5973
-1.4987 -2.5974
-1.4990 -2.5975
-1.4992 -2.5976
-1.4993 -2.5977
-1.4994 -2.5978
-1.4995 -2.5978
-1.4996 -2.5979
-1.4997 -2.5979
-1.4997 -2.5979
-1.4998 -2.5980
-1.4998 -2.5980
-1.4999 -2.5980
-1.4999 -2.5980
-1.4999 -2.5980
-1.4999 -2.5980
-1.4999 -2.5980
-1.5000 -2.5980
-1.5000 -2.5981
-1.5000 -2.5981
-1.5000 -2.5981
-1.5000 -2.5981
-1.5000 -2.5981
-1.5000 -2.5981
-1.5000 -2.5981
nan nan
-1.5000 2.5981
-1.4000 2.4249
-1.3000 2.2517
-1.2000 2.0785
-1.1000 1.9053
-1.0000 1.7321
-0.9000 1.5588
-0.8000 1.3856
-0.7000 1.2124
-0.6000 1.0392
-0.5231 0.9060
-0.5222 0.9046
-0.5222 0.9046
-0.5222 0.9046
-0.5222 0.9046
-0.5222 0.9046
-0.5222 0.9046
-0.5222 0.9046
-0.5222 0.9046
-0.5222 0.9046
-0.5222 0.9046
-0.5222 0.9046
-0.5222 0.9046
-0.5222 0.9046
-0.5222 0.9046
-0.5223 0.9046
-0.5223 0.9046
-0.5225 0.9050
-0.5236 0.9070
-0.5295 0.9172
-0.5581 0.9667
-0.6233 1.0796
-0.6448 1.1168
-0.6452 1.1175
-0.6452 1.1175
-0.6452 1.1175
-0.6452 1.1175
-0.6452 1.1175
-0.6452 1.1175
-0.6452 1.1175
-0.6452 1.1175
-0.6452 1.1175
-0.6452 1.1175
-0.6452 1.1175
-0.6452 1.1175
-0.6452 1.1175
-0.6452 1.1175
-0.6452 1.1175
-0.6452 1.1175
-0.6452 1.1175
-0.6452 1.1175
-0.6452 1.1175
-0.6452 1.1175
-0.6452 1.1175
-0.6452 1.1175
-0.6452 1.1175
-0.6452 1.1175
-0.6452 1.1175
-0.6452 1.1175
-0.6451 1.1176
-0.6451 1.1176
-0.6450 1.1176
-0.6449 1.1177
-0.6446 1.1178
-0.6442 1.1181
-0.6435 1.1185
-0.6423 1.1192
-0.6402 1.1204
-0.6365 1.1225
-0.6302 1.1261
-0.6192 1.1322
-0.6001 1.1425
-0.5668 1.1596
-0.5083 1.1870
-0.4053 1.2277
-0.2309 1.2768
-0.0332 1.3061
0.1666 1.3096
0.3653 1.2875
0.5596 1.2408
0.7469 1.1709
0.9246 1.0795
1.0906 0.9681
1.2430 0.8387
1.3799 0.6931
1.4994 0.5328
1.5993 0.3597
1.6773 0.1757
1.7307 -0.0169
1.7581 -0.2149
1.7635 -0.4147
1.7537 -0.6144
1.7344 -0.8135
1.7100 -1.0120
1.6837 -1.2103
1.6571 -1.4085
1.6309 -1.6068
1.6069 -1.7881
1.5874 -1.9363
1.5714 -2.0573
1.5583 -2.1562
1.5477 -2.2371
1.5389 -2.3031
1.5318 -2.3571
1.5260 -2.4012
1.5212 -2.4372
1.5174 -2.4666
1.5142 -2.4907
1.5116 -2.5103
1.5095 -2.5264
1.5077 -2.5395
1.5063 -2.5502
1.5052 -2.5590
1.5042 -2.5661
1.5034 -2.5720
1.5028 -2.5767
1.5023 -2.5806
1.5019 -2.5838
1.5015 -2.5864
1.5013 -2.5886
1.5010 -2.5903
1.5008 -2.5917
1.5007 -2.5929
1.5006 -2.5938
1.5005 -2.5946
1.5004 -2.5952
1.5003 -2.5958
1.5002 -2.5962
1.5002 -2.5965
1.5002 -2.5968
1.5001 -2.5970
1.5001 -2.5972
1.5001 -2.5974
1.5001 -2.5975
1.5001 -2.5976
1.5000 -2.5977
1.5000 -2.5978
1.5000 -2.5978
1.5000 -2.5979
1.5000 -2.5979
1.5000 -2.5979
1.5000 -2.5980
1.5000 -2.5980
1.5000 -2.5980
1.5000 -2.5980
1.5000 -2.5980
1.5000 -2.5980
1.5000 -2.5980
1.5000 -2.5980
1.5000 -2.5981
1.5000 -2.5981
nan nan
-3.0000 0.0000
-2.8000 0.0000
-2.6000 0.0000
-2.4000 0.0000
-2.2000 0.0000
-2.0000 0.0000
-1.8000 0.0000
-1.6000 0.0000
-1.4000 0.0000
-1.2000 0.0000
-1.0462 0.0000
-1.0445 -0.0000
-1.0445 -0.0000
-1.0445 -0.0000
-1.0445 -0.0000
-1.0445 -0.0000
-1.0445 -0.0000
-1.0445 -0.0000
-1.0445 -0.0000
-1.0445 -0.0000
-1.0445 -0.0000
-1.0445 -0.0000
-1.0445 -0.0000
-1.0445 -0.0000
-1.0445 -0.0000
-1.0445 -0.0000
-1.0444 -0.0000
-1.0440 -0.0000
-1.0417 -0.0000
-1.0296 -0.0000
-0.9635 -0.0000
-0.7711 -0.0000
-0.6644 -0.0000
-0.6641 -0.0000
-0.6641 -0.0000
-0.6641 -0.0000
-0.6641 -0.0000
-0.6641 -0.0000
-0.6641 -0.0000
-0.6641 -0.0000
-0.6641 -0.0000
-0.6641 -0.0000
-0.6641 -0.0000
-0.6641 0.0000
-0.6641 0.0000
-0.6641 0.0000
-0.6641 0.0000
-0.6641 0.0000
-0.6641 0.0000
-0.6641 0.0000
-0.6641 0.0000
-0.6641 0.0000
-0.6641 0.0000
-0.6641 0.0000
-0.6641 0.0000
-0.6641 0.0000
-0.6641 0.0000
-0.6641 0.0000
-0.6641 0.0000
-0.6641 0.0000
-0.6641 0.0001
-0.6641 0.0001
-0.6641 0.0002
-0.6641 0.0004
-0.6641 0.0006
-0.6641 0.0011
-0.6641 0.0018
-0.6641 0.0032
-0.6640 0.0055
-0.6640 0.0094
-0.6639 0.0163
-0.6635 0.0281
-0.6625 0.0485
-0.6593 0.0836
-0.6501 0.1434
-0.6237 0.2417
-0.5750 0.3525
-0.5085 0.4546
-0.4263 0.5455
-0.3302 0.6233
-0.2228 0.6867
-0.1067 0.7352
0.0154 0.7696
0.1414 0.7922
0.2708 0.8074
0.4056 0.8212
0.5525 0.8401
0.7225 0.8673
0.9184 0.8964
1.1181 0.9033
1.3167 0.8810
1.5108 0.8331
1.6988 0.7650
1.8806 0.6819
2.0570 0.5877
2.2260 0.4872
2.3676 0.3981
2.4833 0.3253
2.5778 0.2658
2.6551 0.2172
2.7182 0.1775
2.7697 0.1450
2.8118 0.1185
2.8463 0.0968
2.8744 0.0791
2.8974 0.0646
2.9161 0.0528
2.9315 0.0431
2.9440 0.0353
2.9543 0.0288
2.9626 0.0235
2.9695 0.0192
2.9750 0.0157
2.9796 0.0128
2.9833 0.0105
2.9864 0.0086
2.9889 0.0070
2.9909 0.0057
2.9926 0.0047
2.9939 0.0038
2.9950 0.0031
2.9959 0.0026
2.9967 0.0021
2.9973 0.0017
2.9978 0.0014
2.9982 0.0011
2.9985 0.0009
2.9988 0.0008
2.9990 0.0006
2.9992 0.0005
2.9993 0.0004
2.9995 0.0003
2.9996 0.0003
2.9996 0.0002
2.9997 0.0002
2.9998 0.0002
2.9998 0.0001
2.9998 0.0001
2.9999 0.0001
2.9999 0.0001
2.9999 0.0001
2.9999 0.0000
2.9999 0.0000
3.0000 0.0000
3.0000 0.0000
3.0000 0.0000
3.0000 0.0000
3.0000 0.0000
3.0000 0.0000
3.0000 0.0000
3.0000 0.0000
nan nan
-1.5000 -2.5981
-1.4000 -2.4249
-1.3000 -2.2517
-1.2000 -2.0785
-1.1000 -1.9053
-1.0000 -1.7321
-0.9000 -1.5588
-0.8000 -1.3856
-0.7000 -1.2124
-0.6000 -1.0392
-0.5231 -0.9060
-0.5222 -0.9046
-0.5222 -0.9046
-0.5222 -0.9046
-0.5222 -0.9046
-0.5222 -0.9046
-0.5222 -0.9046
-0.5222 -0.9046
-0.5222 -0.9046
-0.5222 -0.9046
-0.5222 -0.9046
-0.5222 -0.9046
-0.5222 -0.9046
-0.5222 -0.9046
-0.5222 -0.9046
-0.5223 -0.9046
-0.5223 -0.9046
-0.5225 -0.9050
-0.5236 -0.9070
-0.5295 -0.9172
-0.5581 -0.9667
-0.6233 -1.0796
-0.6448 -1.1168
-0.6452 -1.1175
-0.6452 -1.1175
-0.6452 -1.1175
-0.6452 -1.1175
-0.6452 -1.1175
-0.6452 -1.1175
-0.6452 -1.1175
-0.6452 -1.1175
-0.6452 -1.1175
-0.6452 -1.1175
-0.6452 -1.1175
-0.6452 -1.1175
-0.6452 -1.1175
-0.6452 -1.1175
-0.6452 -1.1175
-0.6452 -1.1175
-0.6452 -1.1175
-0.6452 -1.1175
-0.6452 -1.1175
-0.6452 -1.1175
-0.6452 -1.1175
-0.6452 -1.1175
-0.6452 -1.1175
-0.6452 -1.1175
-0.6452 -1.1175
-0.6452 -1.1175
-0.6453 -1.1175
-0.6453 -1.1175
-0.6454 -1.1174
-0.6455 -1.1173
-0.6458 -1.1172
-0.6462 -1.1170
-0.6469 -1.1165
-0.6481 -1.1158
-0.6502 -1.1146
-0.6539 -1.1125
-0.6601 -1.1088
-0.6709 -1.1023
-0.6894 -1.0909
-0.7208 -1.0706
-0.7738 -1.0337
-0.8606 -0.9648
-0.9903 -0.8383
-1.1145 -0.6818
-1.2174 -0.5105
-1.2976 -0.3274
-1.3544 -0.1358
-1.3875 0.0613
-1.3971 0.2610
-1.3837 0.4604
-1.3479 0.6571
-1.2902 0.8485
-1.2111 1.0321
-1.1112 1.2052
-0.9908 1.3648
-0.8507 1.5073
-0.6930 1.6300
-0.5226 1.7346
-0.3447 1.8260
-0.1627 1.9088
0.0214 1.9869
0.2063 2.0632
0.3912 2.1393
0.5761 2.2158
0.7451 2.2857
0.8832 2.3428
0.9960 2.3895
1.0882 2.4277
1.1635 2.4589
1.2251 2.4843
1.2754 2.5051
1.3165 2.5221
1.3500 2.5360
1.3775 2.5474
1.3999 2.5566
1.4182 2.5642
1.4332 2.5704
1.4454 2.5755
1.4554 2.5796
1.4635 2.5830
1.4702 2.5857
1.4757 2.5880
1.4801 2.5898
1.4837 2.5914
1.4867 2.5926
1.4892 2.5936
1.4911 2.5944
1.4928 2.5951
1.4941 2.5956
1.4952 2.5961
1.4960 2.5964
1.4968 2.5967
1.4974 2.5970
1.4978 2.5972
1.4982 2.5973
1.4986 2.5975
1.4988 2.5976
1.4990 2.5977
1.4992 2.5978
1.4994 2.5978
1.4995 2.5979
1.4996 2.5979
1.4997 2.5979
1.4997 2.5980
1.4998 2.5980
1.4998 2.5980
1.4998 2.5980
1.4999 2.5980
1.4999 2.5980
1.4999 2.5980
1.4999 2.5980
1.4999 2.5981
1.5000 2.5981
1.5000 2.5981
1.5000 2.5981
1.5000 2.5981
1.5000 2.5981
1.5000 2.5981
nan nan
1.5000 -2.5981
1.4000 -2.4249
1.3000 -2.2517
1.2000 -2.0785
1.1000 -1.9053
1.0000 -1.7321
0.9000 -1.5588
0.8000 -1.3856
0.7000 -1.2124
0.6000 -1.0392
0.5231 -0.9060
0.5222 -0.9046
0.5222 -0.9046
0.5222 -0.9046
0.5222 -0.9046
0.5222 -0.9046
0.5222 -0.9046
0.5222 -0.9046
0.5222 -0.9046
0.5222 -0.9046
0.5222 -0.9046
0.5222 -0.9046
0.5222 -0.9046
0.5222 -0.9046
0.5222 -0.9045
0.5222 -0.9045
0.5222 -0.9045
0.5220 -0.9041
0.5208 -0.9021
0.5148 -0.8916
0.4817 -0.8344
0.3855 -0.6678
0.3322 -0.5753
0.3320 -0.5751
0.3320 -0.5751
0.3320 -0.5751
0.3320 -0.5751
0.3320 -0.5751
0.3320 -0.5751
0.3320 -0.5751
0.3320 -0.5751
0.3320 -0.5751
0.3320 -0.5751
0.3320 -0.5751
0.3320 -0.5751
0.3320 -0.5751
0.3320 -0.5751
0.3320 -0.5751
0.3320 -0.5751
0.3320 -0.5751
0.3320 -0.5751
0.3320 -0.5751
0.3320 -0.5751
0.3320 -0.5751
0.3320 -0.5751
0.3320 -0.5751
0.3320 -0.5751
0.3320 -0.5751
0.3320 -0.5751
0.3320 -0.5751
0.3320 -0.5751
0.3319 -0.5752
0.3319 -0.5752
0.3317 -0.5753
0.3315 -0.5754
0.3311 -0.5756
0.3304 -0.5760
0.3293 -0.5767
0.3273 -0.5778
0.3238 -0.5798
0.3178 -0.5831
0.3074 -0.5887
0.2892 -0.5980
0.2572 -0.6128
0.2008 -0.6347
0.1026 -0.6609
-0.0178 -0.6742
-0.1394 -0.6677
-0.2593 -0.6419
-0.3747 -0.5976
-0.4833 -0.5363
-0.5833 -0.4600
-0.6741 -0.3715
-0.7568 -0.2736
-0.8346 -0.1692
-0.9140 -0.0593
-1.0038 0.0585
-1.1123 0.1921
-1.2355 0.3472
-1.3414 0.5166
-1.4213 0.6998
-1.4769 0.8918
-1.5119 1.0886
-1.5308 1.2877
-1.5374 1.4876
-1.5349 1.6842
-1.5286 1.8514
-1.5234 1.9880
-1.5191 2.0996
-1.5156 2.1908
-1.5128 2.2653
-1.5104 2.3261
-1.5085 2.3759
-1.5070 2.4165
-1.5057 2.4497
-1.5046 2.4769
-1.5038 2.4990
-1.5031 2.5172
-1.5025 2.5320
-1.5021 2.5441
-1.5017 2.5539
-1.5014 2.5620
-1.5011 2.5686
-1.5009 2.5740
-1.5008 2.5784
-1.5006 2.5820
-1.5005 2.5849
-1.5004 2.5873
-1.5003 2.5893
-1.5003 2.5909
-1.5002 2.5922
-1.5002 2.5933
-1.5001 2.5942
-1.5001 2.5949
-1.5001 2.5955
-1.5001 2.5959
-1.5001 2.5963
-1.5001 2.5967
-1.5000 2.5969
-1.5000 2.5971
-1.5000 2.5973
-1.5000 2.5974
-1.5000 2.5976
-1.5000 2.5977
-1.5000 2.5977
-1.5000 2.5978
-1.5000 2.5978
-1.5000 2.5979
-1.5000 2.5979
-1.5000 2.5980
-1.5000 2.5980
-1.5000 2.5980
-1.5000 2.5980
-1.5000 2.5980
-1.5000 2.5980
-1.5000 2.5980
-1.5000 2.5980
-1.5000 2.5981
-1.5000 2.5981
-1.5000 2.5981
-1.5000 2.5981
nan nan
