x y U
0.0000 0.0000 40.0000
0.2571 0.0000 37.9759
0.5143 0.0000 36.0180
0.7714 0.0000 34.1261
1.0286 0.0000 32.3004
1.2857 0.0000 30.5408
1.5429 0.0000 28.8473
1.8000 0.0000 27.2200
2.0571 0.0000 25.6588
2.3143 0.0000 24.1637
2.5714 0.0000 22.7347
2.8286 0.0000 21.3718
3.0857 0.0000 20.0751
3.3429 0.0000 18.8445
3.6000 0.0000 17.6800
3.8571 0.0000 16.5816
4.1143 0.0000 15.5494
4.3714 0.0000 14.5833
4.6286 0.0000 13.6833
4.8857 0.0000 12.8494
5.1429 0.0000 12.0816
5.4000 0.0000 11.3800
5.6571 0.0000 10.7445
5.9143 0.0000 10.1751
6.1714 0.0000 9.6718
6.4286 0.0000 9.2347
6.6857 0.0000 8.8637
6.9429 0.0000 8.5588
7.2000 0.0000 8.3200
7.4571 0.0000 8.1473
7.7143 0.0000 8.0408
7.9714 0.0000 8.0004
8.2286 0.0000 8.0261
8.4857 0.0000 8.1180
8.7429 0.0000 8.2759
9.0000 0.0000 8.5000

0.0000 0.2286 39.1118
0.2571 0.2286 37.0878
0.5143 0.2286 35.1298
0.7714 0.2286 33.2380
1.0286 0.2286 31.4122
1.2857 0.2286 29.6527
1.5429 0.2286 27.9592
1.8000 0.2286 26.3318
2.0571 0.2286 24.7706
2.3143 0.2286 23.2755
2.5714 0.2286 21.8465
2.8286 0.2286 20.4837
3.0857 0.2286 19.1869
3.3429 0.2286 17.9563
3.6000 0.2286 16.7918
3.8571 0.2286 15.6935
4.1143 0.2286 14.6612
4.3714 0.2286 13.6951
4.6286 0.2286 12.7951
4.8857 0.2286 11.9612
5.1429 0.2286 11.1935
5.4000 0.2286 10.4918
5.6571 0.2286 9.8563
5.9143 0.2286 9.2869
6.1714 0.2286 8.7837
6.4286 0.2286 8.3465
6.6857 0.2286 7.9755
6.9429 0.2286 7.6706
7.2000 0.2286 7.4318
7.4571 0.2286 7.2592
7.7143 0.2286 7.1527
7.9714 0.2286 7.1122
8.2286 0.2286 7.1380
8.4857 0.2286 7.2298
8.7429 0.2286 7.3878
9.0000 0.2286 7.6118

0.0000 0.4571 38.2759
0.2571 0.4571 36.2518
0.5143 0.4571 34.2939
0.7714 0.4571 32.4020
1.0286 0.4571 30.5763
1.2857 0.4571 28.8167
1.5429 0.4571 27.1233
1.8000 0.4571 25.4959
2.0571 0.4571 23.9347
2.3143 0.4571 22.4396
2.5714 0.4571 21.0106
2.8286 0.4571 19.6478
3.0857 0.4571 18.3510
3.3429 0.4571 17.1204
3.6000 0.4571 15.9559
3.8571 0.4571 14.8576
4.1143 0.4571 13.8253
4.3714 0.4571 12.8592
4.6286 0.4571 11.9592
4.8857 0.4571 11.1253
5.1429 0.4571 10.3576
5.4000 0.4571 9.6559
5.6571 0.4571 9.0204
5.9143 0.4571 8.4510
6.1714 0.4571 7.9478
6.4286 0.4571 7.5106
6.6857 0.4571 7.1396
6.9429 0.4571 6.8347
7.2000 0.4571 6.5959
7.4571 0.4571 6.4233
7.7143 0.4571 6.3167
7.9714 0.4571 6.2763
8.2286 0.4571 6.3020
8.4857 0.4571 6.3939
8.7429 0.4571 6.5518
9.0000 0.4571 6.7759

0.0000 0.6857 37.4922
0.2571 0.6857 35.4682
0.5143 0.6857 33.5102
0.7714 0.6857 31.6184
1.0286 0.6857 29.7927
1.2857 0.6857 28.0331
1.5429 0.6857 26.3396
1.8000 0.6857 24.7122
2.0571 0.6857 23.1510
2.3143 0.6857 21.6559
2.5714 0.6857 20.2269
2.8286 0.6857 18.8641
3.0857 0.6857 17.5673
3.3429 0.6857 16.3367
3.6000 0.6857 15.1722
3.8571 0.6857 14.0739
4.1143 0.6857 13.0416
4.3714 0.6857 12.0755
4.6286 0.6857 11.1755
4.8857 0.6857 10.3416
5.1429 0.6857 9.5739
5.4000 0.6857 8.8722
5.6571 0.6857 8.2367
5.9143 0.6857 7.6673
6.1714 0.6857 7.1641
6.4286 0.6857 6.7269
6.6857 0.6857 6.3559
6.9429 0.6857 6.0510
7.2000 0.6857 5.8122
7.4571 0.6857 5.6396
7.7143 0.6857 5.5331
7.9714 0.6857 5.4927
8.2286 0.6857 5.5184
8.4857 0.6857 5.6102
8.7429 0.6857 5.7682
9.0000 0.6857 5.9922

0.0000 0.9143 36.7608
0.2571 0.9143 34.7367
0.5143 0.9143 32.7788
0.7714 0.9143 30.8869
1.0286 0.9143 29.0612
1.2857 0.9143 27.3016
1.5429 0.9143 25.6082
1.8000 0.9143 23.9808
2.0571 0.9143 22.4196
2.3143 0.9143 20.9245
2.5714 0.9143 19.4955
2.8286 0.9143 18.1327
3.0857 0.9143 16.8359
3.3429 0.9143 15.6053
3.6000 0.9143 14.4408
3.8571 0.9143 13.3424
4.1143 0.9143 12.3102
4.3714 0.9143 11.3441
4.6286 0.9143 10.4441
4.8857 0.9143 9.6102
5.1429 0.9143 8.8424
5.4000 0.9143 8.1408
5.6571 0.9143 7.5053
5.9143 0.9143 6.9359
6.1714 0.9143 6.4327
6.4286 0.9143 5.9955
6.6857 0.9143 5.6245
6.9429 0.9143 5.3196
7.2000 0.9143 5.0808
7.4571 0.9143 4.9082
7.7143 0.9143 4.8016
7.9714 0.9143 4.7612
8.2286 0.9143 4.7869
8.4857 0.9143 4.8788
8.7429 0.9143 5.0367
9.0000 0.9143 5.2608

0.0000 1.1429 36.0816
0.2571 1.1429 34.0576
0.5143 1.1429 32.0996
0.7714 1.1429 30.2078
1.0286 1.1429 28.3820
1.2857 1.1429 26.6224
1.5429 1.1429 24.9290
1.8000 1.1429 23.3016
2.0571 1.1429 21.7404
2.3143 1.1429 20.2453
2.5714 1.1429 18.8163
2.8286 1.1429 17.4535
3.0857 1.1429 16.1567
3.3429 1.1429 14.9263
3.6000 1.1429 13.7621
3.8571 1.1429 12.6640
4.1143 1.1429 11.6317
4.3714 1.1429 10.6654
4.6286 1.1429 9.7651
4.8857 1.1429 8.9310
5.1429 1.1429 8.1633
5.4000 1.1429 7.4616
5.6571 1.1429 6.8261
5.9143 1.1429 6.2567
6.1714 1.1429 5.7535
6.4286 1.1429 5.3163
6.6857 1.1429 4.9453
6.9429 1.1429 4.6404
7.2000 1.1429 4.4016
7.4571 1.1429 4.2290
7.7143 1.1429 4.1224
7.9714 1.1429 4.0820
8.2286 1.1429 4.1078
8.4857 1.1429 4.1996
8.7429 1.1429 4.3576
9.0000 1.1429 4.5816

0.0000 1.3714 35.4547
0.2571 1.3714 33.4306
0.5143 1.3714 31.4727
0.7714 1.3714 29.5808
1.0286 1.3714 27.7551
1.2857 1.3714 25.9955
1.5429 1.3714 24.3020
1.8000 1.3714 22.6747
2.0571 1.3714 21.1135
2.3143 1.3714 19.6184
2.5714 1.3714 18.1894
2.8286 1.3714 16.8271
3.0857 1.3714 15.5316
3.3429 1.3714 14.3028
3.6000 1.3714 13.1400
3.8571 1.3714 12.0427
4.1143 1.3714 11.0105
4.3714 1.3714 10.0434
4.6286 1.3714 9.1418
4.8857 1.3714 8.3061
5.1429 1.3714 7.5370
5.4000 1.3714 6.8347
5.6571 1.3714 6.1992
5.9143 1.3714 5.6298
6.1714 1.3714 5.1265
6.4286 1.3714 4.6894
6.6857 1.3714 4.3184
6.9429 1.3714 4.0135
7.2000 1.3714 3.7747
7.4571 1.3714 3.6020
7.7143 1.3714 3.4955
7.9714 1.3714 3.4551
8.2286 1.3714 3.4808
8.4857 1.3714 3.5727
8.7429 1.3714 3.7306
9.0000 1.3714 3.9547

0.0000 1.6000 34.8800
0.2571 1.6000 32.8559
0.5143 1.6000 30.8980
0.7714 1.6000 29.0061
1.0286 1.6000 27.1804
1.2857 1.6000 25.4208
1.5429 1.6000 23.7273
1.8000 1.6000 22.1000
2.0571 1.6000 20.5388
2.3143 1.6000 19.0438
2.5714 1.6000 17.6164
2.8286 1.6000 16.2567
3.0857 1.6000 14.9646
3.3429 1.6000 13.7393
3.6000 1.6000 12.5796
3.8571 1.6000 11.4841
4.1143 1.6000 10.4521
4.3714 1.6000 9.4833
4.6286 1.6000 8.5786
4.8857 1.6000 7.7394
5.1429 1.6000 6.9669
5.4000 1.6000 6.2619
5.6571 1.6000 5.6247
5.9143 1.6000 5.0551
6.1714 1.6000 4.5518
6.4286 1.6000 4.1147
6.6857 1.6000 3.7437
6.9429 1.6000 3.4388
7.2000 1.6000 3.2000
7.4571 1.6000 3.0273
7.7143 1.6000 2.9208
7.9714 1.6000 2.8804
8.2286 1.6000 2.9061
8.4857 1.6000 2.9980
8.7429 1.6000 3.1559
9.0000 1.6000 3.3800

0.0000 1.8286 34.3576
0.2571 1.8286 32.3335
0.5143 1.8286 30.3755
0.7714 1.8286 28.4837
1.0286 1.8286 26.6580
1.2857 1.8286 24.8984
1.5429 1.8286 23.2049
1.8000 1.8286 21.5776
2.0571 1.8286 20.0166
2.3143 1.8286 18.5238
2.5714 1.8286 17.1001
2.8286 1.8286 15.7459
3.0857 1.8286 14.4608
3.3429 1.8286 13.2436
3.6000 1.8286 12.0913
3.8571 1.8286 11.0005
4.1143 1.8286 9.9687
4.3714 1.8286 8.9957
4.6286 1.8286 8.0838
4.8857 1.8286 7.2366
5.1429 1.8286 6.4568
5.4000 1.8286 5.7462
5.6571 1.8286 5.1050
5.9143 1.8286 4.5330
6.1714 1.8286 4.0294
6.4286 1.8286 3.5922
6.6857 1.8286 3.2212
6.9429 1.8286 2.9163
7.2000 1.8286 2.6776
7.4571 1.8286 2.5049
7.7143 1.8286 2.3984
7.9714 1.8286 2.3580
8.2286 1.8286 2.3837
8.4857 1.8286 2.4755
8.7429 1.8286 2.6335
9.0000 1.8286 2.8576

0.0000 2.0571 33.8873
0.2571 2.0571 31.8633
0.5143 2.0571 29.9053
0.7714 2.0571 28.0135
1.0286 2.0571 26.1878
1.2857 2.0571 24.4282
1.5429 2.0571 22.7347
1.8000 2.0571 21.1075
2.0571 2.0571 19.5487
2.3143 2.0571 18.0603
2.5714 2.0571 16.6438
2.8286 2.0571 15.3007
3.0857 2.0571 14.0315
3.3429 2.0571 12.8338
3.6000 2.0571 11.7008
3.8571 2.0571 10.6228
4.1143 2.0571 9.5918
4.3714 2.0571 8.6071
4.6286 2.0571 7.6763
4.8857 2.0571 6.8093
5.1429 2.0571 6.0132
5.4000 2.0571 5.2909
5.6571 2.0571 4.6422
5.9143 2.0571 4.0656
6.1714 2.0571 3.5594
6.4286 2.0571 3.1220
6.6857 2.0571 2.7510
6.9429 2.0571 2.4461
7.2000 2.0571 2.2073
7.4571 2.0571 2.0347
7.7143 2.0571 1.9282
7.9714 2.0571 1.8878
8.2286 2.0571 1.9135
8.4857 2.0571 2.0053
8.7429 2.0571 2.1633
9.0000 2.0571 2.3873

0.0000 2.2857 33.4694
0.2571 2.2857 31.4453
0.5143 2.2857 29.4873
0.7714 2.2857 27.5955
1.0286 2.2857 25.7698
1.2857 2.2857 24.0102
1.5429 2.2857 22.3167
1.8000 2.2857 20.6911
2.0571 2.2857 19.1364
2.3143 2.2857 17.6556
2.5714 2.2857 16.2528
2.8286 2.2857 14.9333
3.0857 2.2857 13.7016
3.3429 2.2857 12.5563
3.6000 2.2857 11.4817
3.8571 2.2857 10.4457
4.1143 2.2857 9.4171
4.3714 2.2857 8.3939
4.6286 2.2857 7.4053
4.8857 2.2857 6.4845
5.1429 2.2857 5.6492
5.4000 2.2857 4.9019
5.6571 2.2857 4.2386
5.9143 2.2857 3.6539
6.1714 2.2857 3.1434
6.4286 2.2857 2.7041
6.6857 2.2857 2.3331
6.9429 2.2857 2.0282
7.2000 2.2857 1.7894
7.4571 2.2857 1.6167
7.7143 2.2857 1.5102
7.9714 2.2857 1.4698
8.2286 2.2857 1.4955
8.4857 2.2857 1.5873
8.7429 2.2857 1.7453
9.0000 2.2857 1.9694

0.0000 2.5143 33.1037
0.2571 2.5143 31.0796
0.5143 2.5143 29.1216
0.7714 2.5143 27.2298
1.0286 2.5143 25.4041
1.2857 2.5143 23.6445
1.5429 2.5143 21.9516
1.8000 2.5143 20.3291
2.0571 2.5143 18.7808
2.3143 2.5143 17.3129
2.5714 2.5143 15.9362
2.8286 2.5143 14.6684
3.0857 2.5143 13.5343
3.3429 2.5143 12.5544
3.6000 2.5143 11.7039
3.8571 2.5143 10.8560
4.1143 2.5143 9.8395
4.3714 2.5143 8.6415
4.6286 2.5143 7.4262
4.8857 2.5143 6.3319
5.1429 2.5143 5.3924
5.4000 2.5143 4.5896
5.6571 2.5143 3.8981
5.9143 2.5143 3.2993
6.1714 2.5143 2.7819
6.4286 2.5143 2.3392
6.6857 2.5143 1.9673
6.9429 2.5143 1.6624
7.2000 2.5143 1.4237
7.4571 2.5143 1.2510
7.7143 2.5143 1.1445
7.9714 2.5143 1.1041
8.2286 2.5143 1.1298
8.4857 2.5143 1.2216
8.7429 2.5143 1.3796
9.0000 2.5143 1.6037

0.0000 2.7429 32.7902
0.2571 2.7429 30.7661
0.5143 2.7429 28.8082
0.7714 2.7429 26.9163
1.0286 2.7429 25.0906
1.2857 2.7429 23.3310
1.5429 2.7429 21.6399
1.8000 2.7429 20.0217
2.0571 2.7429 18.4830
2.3143 2.7429 17.0366
2.5714 2.7429 15.7094
2.8286 2.7429 14.5600
3.0857 2.7429 13.7150
3.3429 2.7429 13.4194
3.6000 2.7429 13.9349
3.8571 2.7429 14.7191
4.1143 2.7429 13.8244
4.3714 2.7429 11.0641
4.6286 2.7429 8.4059
4.8857 2.7429 6.5635
5.1429 2.7429 5.3049
5.4000 2.7429 4.3714
5.6571 2.7429 3.6254
5.9143 2.7429 3.0031
6.1714 2.7429 2.4753
6.4286 2.7429 2.0278
6.6857 2.7429 1.6539
6.9429 2.7429 1.3490
7.2000 2.7429 1.1102
7.4571 2.7429 0.9376
7.7143 2.7429 0.8310
7.9714 2.7429 0.7906
8.2286 2.7429 0.8163
8.4857 2.7429 0.9082
8.7429 2.7429 1.0661
9.0000 2.7429 1.2902

0.0000 2.9714 32.5290
0.2571 2.9714 30.5049
0.5143 2.9714 28.5469
0.7714 2.9714 26.6551
1.0286 2.9714 24.8294
1.2857 2.9714 23.0701
1.5429 2.9714 21.3814
1.8000 2.9714 19.7690
2.0571 2.9714 18.2437
2.3143 2.9714 16.8309
2.5714 2.9714 15.5960
2.8286 2.9714 14.7318
3.0857 2.9714 14.9332
3.3429 2.9714 19.5087
3.6000 2.9714 40.0000
3.8571 2.9714 40.0000
4.1143 2.9714 40.0000
4.3714 2.9714 40.0000
4.6286 2.9714 15.7513
4.8857 2.9714 8.0193
5.1429 2.9714 5.5358
5.4000 2.9714 4.2757
5.6571 2.9714 3.4259
5.9143 2.9714 2.7662
6.1714 2.9714 2.2235
6.4286 2.9714 1.7698
6.6857 2.9714 1.3932
6.9429 2.9714 1.0878
7.2000 2.9714 0.8490
7.4571 2.9714 0.6763
7.7143 2.9714 0.5698
7.9714 2.9714 0.5294
8.2286 2.9714 0.5551
8.4857 2.9714 0.6469
8.7429 2.9714 0.8049
9.0000 2.9714 1.0290

0.0000 3.2000 32.3200
0.2571 3.2000 30.2959
0.5143 3.2000 28.3380
0.7714 3.2000 26.4461
1.0286 3.2000 24.6204
1.2857 3.2000 22.8619
1.5429 3.2000 21.1760
1.8000 3.2000 19.5702
2.0571 3.2000 18.0621
2.3143 3.2000 16.6981
2.5714 3.2000 15.6262
2.8286 3.2000 15.4765
3.0857 3.2000 21.0225
3.3429 3.2000 40.0000
3.6000 3.2000 40.0000
3.8571 3.2000 40.0000
4.1143 3.2000 40.0000
4.3714 3.2000 40.0000
4.6286 3.2000 40.0000
4.8857 3.2000 16.0618
5.1429 3.2000 6.4650
5.4000 3.2000 4.3416
5.6571 3.2000 3.3027
5.9143 3.2000 2.5878
6.1714 3.2000 2.0259
6.4286 3.2000 1.5648
6.6857 3.2000 1.1852
6.9429 3.2000 0.8788
7.2000 3.2000 0.6400
7.4571 3.2000 0.4673
7.7143 3.2000 0.3608
7.9714 3.2000 0.3204
8.2286 3.2000 0.3461
8.4857 3.2000 0.4380
8.7429 3.2000 0.5959
9.0000 3.2000 0.8200

0.0000 3.4286 32.1633
0.2571 3.4286 30.1392
0.5143 3.4286 28.1812
0.7714 3.4286 26.2894
1.0286 3.4286 24.4637
1.2857 3.4286 22.7061
1.5429 3.4286 21.0229
1.8000 3.4286 19.4240
2.0571 3.4286 17.9351
2.3143 3.4286 16.6328
2.5714 3.4286 15.8181
2.8286 3.4286 17.4447
3.0857 3.4286 40.0000
3.3429 3.4286 40.0000
3.6000 3.4286 40.0000
3.8571 3.4286 40.0000
4.1143 3.4286 40.0000
4.3714 3.4286 40.0000
4.6286 3.4286 40.0000
4.8857 3.4286 40.0000
5.1429 3.4286 9.0509
5.4000 3.4286 4.5983
5.6571 3.4286 3.2507
5.9143 3.4286 2.4645
6.1714 3.4286 1.8810
6.4286 3.4286 1.4122
6.6857 3.4286 1.0296
6.9429 3.4286 0.7220
7.2000 3.4286 0.4833
7.4571 3.4286 0.3106
7.7143 3.4286 0.2041
7.9714 3.4286 0.1637
8.2286 3.4286 0.1894
8.4857 3.4286 0.2812
8.7429 3.4286 0.4392
9.0000 3.4286 0.6633

0.0000 3.6571 32.0588
0.2571 3.6571 30.0347
0.5143 3.6571 28.0767
0.7714 3.6571 26.1849
1.0286 3.6571 24.3592
1.2857 3.6571 22.6025
1.5429 3.6571 20.9215
1.8000 3.6571 19.3285
2.0571 3.6571 17.8569
2.3143 3.6571 16.6171
2.5714 3.6571 16.1245
2.8286 3.6571 21.5659
3.0857 3.6571 40.0000
3.3429 3.6571 40.0000
3.6000 3.6571 40.0000
3.8571 3.6571 40.0000
4.1143 3.6571 40.0000
4.3714 3.6571 40.0000
4.6286 3.6571 40.0000
4.8857 3.6571 40.0000
5.1429 3.6571 15.0756
5.4000 3.6571 4.9976
5.6571 3.6571 3.2494
5.9143 3.6571 2.3898
6.1714 3.6571 1.7866
6.4286 3.6571 1.3112
6.6857 3.6571 0.9261
6.9429 3.6571 0.6176
7.2000 3.6571 0.3788
7.4571 3.6571 0.2061
7.7143 3.6571 0.0996
7.9714 3.6571 0.0592
8.2286 3.6571 0.0849
8.4857 3.6571 0.1767
8.7429 3.6571 0.3347
9.0000 3.6571 0.5588

0.0000 3.8857 32.0065
0.2571 3.8857 29.9824
0.5143 3.8857 28.0245
0.7714 3.8857 26.1327
1.0286 3.8857 24.3070
1.2857 3.8857 22.5508
1.5429 3.8857 20.8710
1.8000 3.8857 19.2814
2.0571 3.8857 17.8203
2.3143 3.8857 16.6216
2.5714 3.8857 16.3770
2.8286 3.8857 26.6398
3.0857 3.8857 40.0000
3.3429 3.8857 40.0000
3.6000 3.8857 40.0000
3.8571 3.8857 40.0000
4.1143 3.8857 40.0000
4.3714 3.8857 40.0000
4.6286 3.8857 40.0000
4.8857 3.8857 40.0000
5.1429 3.8857 23.5034
5.4000 3.8857 5.3294
5.6571 3.8857 3.2638
5.9143 3.8857 2.3555
6.1714 3.8857 1.7401
6.4286 3.8857 1.2610
6.6857 3.8857 0.8745
6.9429 3.8857 0.5654
7.2000 3.8857 0.3265
7.4571 3.8857 0.1539
7.7143 3.8857 0.0473
7.9714 3.8857 0.0069
8.2286 3.8857 0.0327
8.4857 3.8857 0.1245
8.7429 3.8857 0.2824
9.0000 3.8857 0.5065

0.0000 4.1143 32.0065
0.2571 4.1143 29.9824
0.5143 4.1143 28.0245
0.7714 4.1143 26.1327
1.0286 4.1143 24.3070
1.2857 4.1143 22.5508
1.5429 4.1143 20.8710
1.8000 4.1143 19.2814
2.0571 4.1143 17.8203
2.3143 4.1143 16.6216
2.5714 4.1143 16.3770
2.8286 4.1143 26.6398
3.0857 4.1143 40.0000
3.3429 4.1143 40.0000
3.6000 4.1143 40.0000
3.8571 4.1143 40.0000
4.1143 4.1143 40.0000
4.3714 4.1143 40.0000
4.6286 4.1143 40.0000
4.8857 4.1143 40.0000
5.1429 4.1143 23.5034
5.4000 4.1143 5.3294
5.6571 4.1143 3.2638
5.9143 4.1143 2.3555
6.1714 4.1143 1.7401
6.4286 4.1143 1.2610
6.6857 4.1143 0.8745
6.9429 4.1143 0.5654
7.2000 4.1143 0.3265
7.4571 4.1143 0.1539
7.7143 4.1143 0.0473
7.9714 4.1143 0.0069
8.2286 4.1143 0.0327
8.4857 4.1143 0.1245
8.7429 4.1143 0.2824
9.0000 4.1143 0.5065

0.0000 4.3429 32.0588
0.2571 4.3429 30.0347
0.5143 4.3429 28.0767
0.7714 4.3429 26.1849
1.0286 4.3429 24.3592
1.2857 4.3429 22.6025
1.5429 4.3429 20.9215
1.8000 4.3429 19.3285
2.0571 4.3429 17.8569
2.3143 4.3429 16.6171
2.5714 4.3429 16.1245
2.8286 4.3429 21.5659
3.0857 4.3429 40.0000
3.3429 4.3429 40.0000
3.6000 4.3429 40.0000
3.8571 4.3429 40.0000
4.1143 4.3429 40.0000
4.3714 4.3429 40.0000
4.6286 4.3429 40.0000
4.8857 4.3429 40.0000
5.1429 4.3429 15.0756
5.4000 4.3429 4.9976
5.6571 4.3429 3.2494
5.9143 4.3429 2.3898
6.1714 4.3429 1.7866
6.4286 4.3429 1.3112
6.6857 4.3429 0.9261
6.9429 4.3429 0.6176
7.2000 4.3429 0.3788
7.4571 4.3429 0.2061
7.7143 4.3429 0.0996
7.9714 4.3429 0.0592
8.2286 4.3429 0.0849
8.4857 4.3429 0.1767
8.7429 4.3429 0.3347
9.0000 4.3429 0.5588

0.0000 4.5714 32.1633
0.2571 4.5714 30.1392
0.5143 4.5714 28.1812
0.7714 4.5714 26.2894
1.0286 4.5714 24.4637
1.2857 4.5714 22.7061
1.5429 4.5714 21.0229
1.8000 4.5714 19.4240
2.0571 4.5714 17.9351
2.3143 4.5714 16.6328
2.5714 4.5714 15.8181
2.8286 4.5714 17.4447
3.0857 4.5714 40.0000
3.3429 4.5714 40.0000
3.6000 4.5714 40.0000
3.8571 4.5714 40.0000
4.1143 4.5714 40.0000
4.3714 4.5714 40.0000
4.6286 4.5714 40.0000
4.8857 4.5714 40.0000
5.1429 4.5714 9.0509
5.4000 4.5714 4.5983
5.6571 4.5714 3.2507
5.9143 4.5714 2.4645
6.1714 4.5714 1.8810
6.4286 4.5714 1.4122
6.6857 4.5714 1.0296
6.9429 4.5714 0.7220
7.2000 4.5714 0.4833
7.4571 4.5714 0.3106
7.7143 4.5714 0.2041
7.9714 4.5714 0.1637
8.2286 4.5714 0.1894
8.4857 4.5714 0.2812
8.7429 4.5714 0.4392
9.0000 4.5714 0.6633

0.0000 4.8000 32.3200
0.2571 4.8000 30.2959
0.5143 4.8000 28.3380
0.7714 4.8000 26.4461
1.0286 4.8000 24.6204
1.2857 4.8000 22.8619
1.5429 4.8000 21.1760
1.8000 4.8000 19.5702
2.0571 4.8000 18.0621
2.3143 4.8000 16.6981
2.5714 4.8000 15.6262
2.8286 4.8000 15.4765
3.0857 4.8000 21.0225
3.3429 4.8000 40.0000
3.6000 4.8000 40.0000
3.8571 4.8000 40.0000
4.1143 4.8000 40.0000
4.3714 4.8000 40.0000
4.6286 4.8000 40.0000
4.8857 4.8000 16.0618
5.1429 4.8000 6.4650
5.4000 4.8000 4.3416
5.6571 4.8000 3.3027
5.9143 4.8000 2.5878
6.1714 4.8000 2.0259
6.4286 4.8000 1.5648
6.6857 4.8000 1.1852
6.9429 4.8000 0.8788
7.2000 4.8000 0.6400
7.4571 4.8000 0.4673
7.7143 4.8000 0.3608
7.9714 4.8000 0.3204
8.2286 4.8000 0.3461
8.4857 4.8000 0.4380
8.7429 4.8000 0.5959
9.0000 4.8000 0.8200

0.0000 5.0286 32.5290
0.2571 5.0286 30.5049
0.5143 5.0286 28.5469
0.7714 5.0286 26.6551
1.0286 5.0286 24.8294
1.2857 5.0286 23.0701
1.5429 5.0286 21.3814
1.8000 5.0286 19.7690
2.0571 5.0286 18.2437
2.3143 5.0286 16.8309
2.5714 5.0286 15.5960
2.8286 5.0286 14.7318
3.0857 5.0286 14.9332
3.3429 5.0286 19.5087
3.6000 5.0286 40.0000
3.8571 5.0286 40.0000
4.1143 5.0286 40.0000
4.3714 5.0286 40.0000
4.6286 5.0286 15.7513
4.8857 5.0286 8.0193
5.1429 5.0286 5.5358
5.4000 5.0286 4.2757
5.6571 5.0286 3.4259
5.9143 5.0286 2.7662
6.1714 5.0286 2.2235
6.4286 5.0286 1.7698
6.6857 5.0286 1.3932
6.9429 5.0286 1.0878
7.2000 5.0286 0.8490
7.4571 5.0286 0.6763
7.7143 5.0286 0.5698
7.9714 5.0286 0.5294
8.2286 5.0286 0.5551
8.4857 5.0286 0.6469
8.7429 5.0286 0.8049
9.0000 5.0286 1.0290

0.0000 5.2571 32.7902
0.2571 5.2571 30.7661
0.5143 5.2571 28.8082
0.7714 5.2571 26.9163
1.0286 5.2571 25.0906
1.2857 5.2571 23.3310
1.5429 5.2571 21.6399
1.8000 5.2571 20.0217
2.0571 5.2571 18.4830
2.3143 5.2571 17.0366
2.5714 5.2571 15.7094
2.8286 5.2571 14.5600
3.0857 5.2571 13.7150
3.3429 5.2571 13.4194
3.6000 5.2571 13.9349
3.8571 5.2571 14.7191
4.1143 5.2571 13.8244
4.3714 5.2571 11.0641
4.6286 5.2571 8.4059
4.8857 5.2571 6.5635
5.1429 5.2571 5.3049
5.4000 5.2571 4.3714
5.6571 5.2571 3.6254
5.9143 5.2571 3.0031
6.1714 5.2571 2.4753
6.4286 5.2571 2.0278
6.6857 5.2571 1.6539
6.9429 5.2571 1.3490
7.2000 5.2571 1.1102
7.4571 5.2571 0.9376
7.7143 5.2571 0.8310
7.9714 5.2571 0.7906
8.2286 5.2571 0.8163
8.4857 5.2571 0.9082
8.7429 5.2571 1.0661
9.0000 5.2571 1.2902

0.0000 5.4857 33.1037
0.2571 5.4857 31.0796
0.5143 5.4857 29.1216
0.7714 5.4857 27.2298
1.0286 5.4857 25.4041
1.2857 5.4857 23.6445
1.5429 5.4857 21.9516
1.8000 5.4857 20.3291
2.0571 5.4857 18.7808
2.3143 5.4857 17.3129
2.5714 5.4857 15.9362
2.8286 5.4857 14.6684
3.0857 5.4857 13.5343
3.3429 5.4857 12.5544
3.6000 5.4857 11.7039
3.8571 5.4857 10.8560
4.1143 5.4857 9.8395
4.3714 5.4857 8.6415
4.6286 5.4857 7.4262
4.8857 5.4857 6.3319
5.1429 5.4857 5.3924
5.4000 5.4857 4.5896
5.6571 5.4857 3.8981
5.9143 5.4857 3.2993
6.1714 5.4857 2.7819
6.4286 5.4857 2.3392
6.6857 5.4857 1.9673
6.9429 5.4857 1.6624
7.2000 5.4857 1.4237
7.4571 5.4857 1.2510
7.7143 5.4857 1.1445
7.9714 5.4857 1.1041
8.2286 5.4857 1.1298
8.4857 5.4857 1.2216
8.7429 5.4857 1.3796
9.0000 5.4857 1.6037

0.0000 5.7143 33.4694
0.2571 5.7143 31.4453
0.5143 5.7143 29.4873
0.7714 5.7143 27.5955
1.0286 5.7143 25.7698
1.2857 5.7143 24.0102
1.5429 5.7143 22.3167
1.8000 5.7143 20.6911
2.0571 5.7143 19.1364
2.3143 5.7143 17.6556
2.5714 5.7143 16.2528
2.8286 5.7143 14.9333
3.0857 5.7143 13.7016
3.3429 5.7143 12.5563
3.6000 5.7143 11.4817
3.8571 5.7143 10.4457
4.1143 5.7143 9.4171
4.3714 5.7143 8.3939
4.6286 5.7143 7.4053
4.8857 5.7143 6.4845
5.1429 5.7143 5.6492
5.4000 5.7143 4.9019
5.6571 5.7143 4.2386
5.9143 5.7143 3.6539
6.1714 5.7143 3.1434
6.4286 5.7143 2.7041
6.6857 5.7143 2.3331
6.9429 5.7143 2.0282
7.2000 5.7143 1.7894
7.4571 5.7143 1.6167
7.7143 5.7143 1.5102
7.9714 5.7143 1.4698
8.2286 5.7143 1.4955
8.4857 5.7143 1.5873
8.7429 5.7143 1.7453
9.0000 5.7143 1.9694

0.0000 5.9429 33.8873
0.2571 5.9429 31.8633
0.5143 5.9429 29.9053
0.7714 5.9429 28.0135
1.0286 5.9429 26.1878
1.2857 5.9429 24.4282
1.5429 5.9429 22.7347
1.8000 5.9429 21.1075
2.0571 5.9429 19.5487
2.3143 5.9429 18.0603
2.5714 5.9429 16.6438
2.8286 5.9429 15.3007
3.0857 5.9429 14.0315
3.3429 5.9429 12.8338
3.6000 5.9429 11.7008
3.8571 5.9429 10.6228
4.1143 5.9429 9.5918
4.3714 5.9429 8.6071
4.6286 5.9429 7.6763
4.8857 5.9429 6.8093
5.1429 5.9429 6.0132
5.4000 5.9429 5.2909
5.6571 5.9429 4.6422
5.9143 5.9429 4.0656
6.1714 5.9429 3.5594
6.4286 5.9429 3.1220
6.6857 5.9429 2.7510
6.9429 5.9429 2.4461
7.2000 5.9429 2.2073
7.4571 5.9429 2.0347
7.7143 5.9429 1.9282
7.9714 5.9429 1.8878
8.2286 5.9429 1.9135
8.4857 5.9429 2.0053
8.7429 5.9429 2.1633
9.0000 5.9429 2.3873

0.0000 6.1714 34.3576
0.2571 6.1714 32.3335
0.5143 6.1714 30.3755
0.7714 6.1714 28.4837
1.0286 6.1714 26.6580
1.2857 6.1714 24.8984
1.5429 6.1714 23.2049
1.8000 6.1714 21.5776
2.0571 6.1714 20.0166
2.3143 6.1714 18.5238
2.5714 6.1714 17.1001
2.8286 6.1714 15.7459
3.0857 6.1714 14.4608
3.3429 6.1714 13.2436
3.6000 6.1714 12.0913
3.8571 6.1714 11.0005
4.1143 6.1714 9.9687
4.3714 6.1714 8.9957
4.6286 6.1714 8.0838
4.8857 6.1714 7.2366
5.1429 6.1714 6.4568
5.4000 6.1714 5.7462
5.6571 6.1714 5.1050
5.9143 6.1714 4.5330
6.1714 6.1714 4.0294
6.4286 6.1714 3.5922
6.6857 6.1714 3.2212
6.9429 6.1714 2.9163
7.2000 6.1714 2.6776
7.4571 6.1714 2.5049
7.7143 6.1714 2.3984
7.9714 6.1714 2.3580
8.2286 6.1714 2.3837
8.4857 6.1714 2.4755
8.7429 6.1714 2.6335
9.0000 6.1714 2.8576

0.0000 6.4000 34.8800
0.2571 6.4000 32.8559
0.5143 6.4000 30.8980
0.7714 6.4000 29.0061
1.0286 6.4000 27.1804
1.2857 6.4000 25.4208
1.5429 6.4000 23.7273
1.8000 6.4000 22.1000
2.0571 6.4000 20.5388
2.3143 6.4000 19.0438
2.5714 6.4000 17.6164
2.8286 6.4000 16.2567
3.0857 6.4000 14.9646
3.3429 6.4000 13.7393
3.6000 6.4000 12.5796
3.8571 6.4000 11.4841
4.1143 6.4000 10.4521
4.3714 6.4000 9.4833
4.6286 6.4000 8.5786
4.8857 6.4000 7.7394
5.1429 6.4000 6.9669
5.4000 6.4000 6.2619
5.6571 6.4000 5.6247
5.9143 6.4000 5.0551
6.1714 6.4000 4.5518
6.4286 6.4000 4.1147
6.6857 6.4000 3.7437
6.9429 6.4000 3.4388
7.2000 6.4000 3.2000
7.4571 6.4000 3.0273
7.7143 6.4000 2.9208
7.9714 6.4000 2.8804
8.2286 6.4000 2.9061
8.4857 6.4000 2.9980
8.7429 6.4000 3.1559
9.0000 6.4000 3.3800

0.0000 6.6286 35.4547
0.2571 6.6286 33.4306
0.5143 6.6286 31.4727
0.7714 6.6286 29.5808
1.0286 6.6286 27.7551
1.2857 6.6286 25.9955
1.5429 6.6286 24.3020
1.8000 6.6286 22.6747
2.0571 6.6286 21.1135
2.3143 6.6286 19.6184
2.5714 6.6286 18.1894
2.8286 6.6286 16.8271
3.0857 6.6286 15.5316
3.3429 6.6286 14.3028
3.6000 6.6286 13.1400
3.8571 6.6286 12.0427
4.1143 6.6286 11.0105
4.3714 6.6286 10.0434
4.6286 6.6286 9.1418
4.8857 6.6286 8.3061
5.1429 6.6286 7.5370
5.4000 6.6286 6.8347
5.6571 6.6286 6.1992
5.9143 6.6286 5.6298
6.1714 6.6286 5.1265
6.4286 6.6286 4.6894
6.6857 6.6286 4.3184
6.9429 6.6286 4.0135
7.2000 6.6286 3.7747
7.4571 6.6286 3.6020
7.7143 6.6286 3.4955
7.9714 6.6286 3.4551
8.2286 6.6286 3.4808
8.4857 6.6286 3.5727
8.7429 6.6286 3.7306
9.0000 6.6286 3.9547

0.0000 6.8571 36.0816
0.2571 6.8571 34.0576
0.5143 6.8571 32.0996
0.7714 6.8571 30.2078
1.0286 6.8571 28.3820
1.2857 6.8571 26.6224
1.5429 6.8571 24.9290
1.8000 6.8571 23.3016
2.0571 6.8571 21.7404
2.3143 6.8571 20.2453
2.5714 6.8571 18.8163
2.8286 6.8571 17.4535
3.0857 6.8571 16.1567
3.3429 6.8571 14.9263
3.6000 6.8571 13.7621
3.8571 6.8571 12.6640
4.1143 6.8571 11.6317
4.3714 6.8571 10.6654
4.6286 6.8571 9.7651
4.8857 6.8571 8.9310
5.1429 6.8571 8.1633
5.4000 6.8571 7.4616
5.6571 6.8571 6.8261
5.9143 6.8571 6.2567
6.1714 6.8571 5.7535
6.4286 6.8571 5.3163
6.6857 6.8571 4.9453
6.9429 6.8571 4.6404
7.2000 6.8571 4.4016
7.4571 6.8571 4.2290
7.7143 6.8571 4.1224
7.9714 6.8571 4.0820
8.2286 6.8571 4.1078
8.4857 6.8571 4.1996
8.7429 6.8571 4.3576
9.0000 6.8571 4.5816

0.0000 7.0857 36.7608
0.2571 7.0857 34.7367
0.5143 7.0857 32.7788
0.7714 7.0857 30.8869
1.0286 7.0857 29.0612
1.2857 7.0857 27.3016
1.5429 7.0857 25.6082
1.8000 7.0857 23.9808
2.0571 7.0857 22.4196
2.3143 7.0857 20.9245
2.5714 7.0857 19.4955
2.8286 7.0857 18.1327
3.0857 7.0857 16.8359
3.3429 7.0857 15.6053
3.6000 7.0857 14.4408
3.8571 7.0857 13.3424
4.1143 7.0857 12.3102
4.3714 7.0857 11.3441
4.6286 7.0857 10.4441
4.8857 7.0857 9.6102
5.1429 7.0857 8.8424
5.4000 7.0857 8.1408
5.6571 7.0857 7.5053
5.9143 7.0857 6.9359
6.1714 7.0857 6.4327
6.4286 7.0857 5.9955
6.6857 7.0857 5.6245
6.9429 7.0857 5.3196
7.2000 7.0857 5.0808
7.4571 7.0857 4.9082
7.7143 7.0857 4.8016
7.9714 7.0857 4.7612
8.2286 7.0857 4.7869
8.4857 7.0857 4.8788
8.7429 7.0857 5.0367
9.0000 7.0857 5.2608

0.0000 7.3143 37.4922
0.2571 7.3143 35.4682
0.5143 7.3143 33.5102
0.7714 7.3143 31.6184
1.0286 7.3143 29.7927
1.2857 7.3143 28.0331
1.5429 7.3143 26.3396
1.8000 7.3143 24.7122
2.0571 7.3143 23.1510
2.3143 7.3143 21.6559
2.5714 7.3143 20.2269
2.8286 7.3143 18.8641
3.0857 7.3143 17.5673
3.3429 7.3143 16.3367
3.6000 7.3143 15.1722
3.8571 7.3143 14.0739
4.1143 7.3143 13.0416
4.3714 7.3143 12.0755
4.6286 7.3143 11.1755
4.8857 7.3143 10.3416
5.1429 7.3143 9.5739
5.4000 7.3143 8.8722
5.6571 7.3143 8.2367
5.9143 7.3143 7.6673
6.1714 7.3143 7.1641
6.4286 7.3143 6.7269
6.6857 7.3143 6.3559
6.9429 7.3143 6.0510
7.2000 7.3143 5.8122
7.4571 7.3143 5.6396
7.7143 7.3143 5.5331
7.9714 7.3143 5.4927
8.2286 7.3143 5.5184
8.4857 7.3143 5.6102
8.7429 7.3143 5.7682
9.0000 7.3143 5.9922

0.0000 7.5429 38.2759
0.2571 7.5429 36.2518
0.5143 7.5429 34.2939
0.7714 7.5429 32.4020
1.0286 7.5429 30.5763
1.2857 7.5429 28.8167
1.5429 7.5429 27.1233
1.8000 7.5429 25.4959
2.0571 7.5429 23.9347
2.3143 7.5429 22.4396
2.5714 7.5429 21.0106
2.8286 7.5429 19.6478
3.0857 7.5429 18.3510
3.3429 7.5429 17.1204
3.6000 7.5429 15.9559
3.8571 7.5429 14.8576
4.1143 7.5429 13.8253
4.3714 7.5429 12.8592
4.6286 7.5429 11.9592
4.8857 7.5429 11.1253
5.1429 7.5429 10.3576
5.4000 7.5429 9.6559
5.6571 7.5429 9.0204
5.9143 7.5429 8.4510
6.1714 7.5429 7.9478
6.4286 7.5429 7.5106
6.6857 7.5429 7.1396
6.9429 7.5429 6.8347
7.2000 7.5429 6.5959
7.4571 7.5429 6.4233
7.7143 7.5429 6.3167
7.9714 7.5429 6.2763
8.2286 7.5429 6.3020
8.4857 7.5429 6.3939
8.7429 7.5429 6.5518
9.0000 7.5429 6.7759

0.0000 7.7714 39.1118
0.2571 7.7714 37.0878
0.5143 7.7714 35.1298
0.7714 7.7714 33.2380
1.0286 7.7714 31.4122
1.2857 7.7714 29.6527
1.5429 7.7714 27.9592
1.8000 7.7714 26.3318
2.0571 7.7714 24.7706
2.3143 7.7714 23.2755
2.5714 7.7714 21.8465
2.8286 7.7714 20.4837
3.0857 7.7714 19.1869
3.3429 7.7714 17.9563
3.6000 7.7714 16.7918
3.8571 7.7714 15.6935
4.1143 7.7714 14.6612
4.3714 7.7714 13.6951
4.6286 7.7714 12.7951
4.8857 7.7714 11.9612
5.1429 7.7714 11.1935
5.4000 7.7714 10.4918
5.6571 7.7714 9.8563
5.9143 7.7714 9.2869
6.1714 7.7714 8.7837
6.4286 7.7714 8.3465
6.6857 7.7714 7.9755
6.9429 7.7714 7.6706
7.2000 7.7714 7.4318
7.4571 7.7714 7.2592
7.7143 7.7714 7.1527
7.9714 7.7714 7.1122
8.2286 7.7714 7.1380
8.4857 7.7714 7.2298
8.7429 7.7714 7.3878
9.0000 7.7714 7.6118

0.0000 8.0000 40.0000
0.2571 8.0000 37.9759
0.5143 8.0000 36.0180
0.7714 8.0000 34.1261
1.0286 8.0000 32.3004
1.2857 8.0000 30.5408
1.5429 8.0000 28.8473
1.8000 8.0000 27.2200
2.0571 8.0000 25.6588
2.3143 8.0000 24.1637
2.5714 8.0000 22.7347
2.8286 8.0000 21.3718
3.0857 8.0000 20.0751
3.3429 8.0000 18.8445
3.6000 8.0000 17.6800
3.8571 8.0000 16.5816
4.1143 8.0000 15.5494
4.3714 8.0000 14.5833
4.6286 8.0000 13.6833
4.8857 8.0000 12.8494
5.1429 8.0000 12.0816
5.4000 8.0000 11.3800
5.6571 8.0000 10.7445
5.9143 8.0000 10.1751
6.1714 8.0000 9.6718
6.4286 8.0000 9.2347
6.6857 8.0000 8.8637
6.9429 8.0000 8.5588
7.2000 8.0000 8.3200
7.4571 8.0000 8.1473
7.7143 8.0000 8.0408
7.9714 8.0000 8.0004
8.2286 8.0000 8.0261
8.4857 8.0000 8.1180
8.7429 8.0000 8.2759
9.0000 8.0000 8.5000

