iters rrt_p00 rrt_p05 rrt_p50 connect
0 0.000 0.000 0.000 0.000
25 0.000 0.000 0.000 0.000
50 0.000 0.000 0.000 0.000
75 0.000 0.000 0.000 0.010
100 0.000 0.000 0.000 0.050
125 0.000 0.000 0.000 0.110
150 0.000 0.000 0.000 0.320
175 0.000 0.000 0.000 0.500
200 0.000 0.000 0.000 0.630
225 0.000 0.010 0.000 0.730
250 0.000 0.010 0.000 0.830
275 0.000 0.020 0.000 0.850
300 0.000 0.040 0.000 0.910
325 0.010 0.080 0.000 0.940
350 0.040 0.150 0.000 0.960
375 0.120 0.240 0.000 1.000
400 0.150 0.370 0.000 1.000
425 0.200 0.500 0.040 1.000
450 0.300 0.570 0.050 1.000
475 0.360 0.650 0.070 1.000
500 0.450 0.730 0.080 1.000
525 0.510 0.800 0.090 1.000
550 0.600 0.830 0.130 1.000
575 0.670 0.890 0.190 1.000
600 0.720 0.900 0.220 1.000
625 0.790 0.930 0.260 1.000
650 0.830 0.940 0.300 1.000
675 0.870 0.960 0.330 1.000
700 0.910 0.960 0.400 1.000
725 0.940 0.960 0.470 1.000
750 0.940 0.970 0.530 1.000
775 0.940 0.980 0.570 1.000
800 0.950 0.980 0.610 1.000
825 0.960 0.980 0.620 1.000
850 0.960 0.980 0.670 1.000
875 0.960 0.980 0.690 1.000
900 0.970 0.980 0.770 1.000
925 0.980 0.980 0.780 1.000
950 0.990 0.990 0.780 1.000
975 0.990 1.000 0.800 1.000
1000 0.990 1.000 0.810 1.000
1025 0.990 1.000 0.840 1.000
1050 0.990 1.000 0.870 1.000
1075 0.990 1.000 0.890 1.000
1100 0.990 1.000 0.900 1.000
1125 0.990 1.000 0.900 1.000
1150 0.990 1.000 0.910 1.000
1175 0.990 1.000 0.920 1.000
1200 1.000 1.000 0.940 1.000
1225 1.000 1.000 0.940 1.000
1250 1.000 1.000 0.960 1.000
1275 1.000 1.000 0.980 1.000
1300 1.000 1.000 0.980 1.000
1325 1.000 1.000 0.980 1.000
1350 1.000 1.000 0.980 1.000
1375 1.000 1.000 1.000 1.000
1400 1.000 1.000 1.000 1.000
1425 1.000 1.000 1.000 1.000
1450 1.000 1.000 1.000 1.000
1475 1.000 1.000 1.000 1.000
1500 1.000 1.000 1.000 1.000
1525 1.000 1.000 1.000 1.000
1550 1.000 1.000 1.000 1.000
1575 1.000 1.000 1.000 1.000
1600 1.000 1.000 1.000 1.000
1625 1.000 1.000 1.000 1.000
1650 1.000 1.000 1.000 1.000
1675 1.000 1.000 1.000 1.000
1700 1.000 1.000 1.000 1.000
1725 1.000 1.000 1.000 1.000
1750 1.000 1.000 1.000 1.000
1775 1.000 1.000 1.000 1.000
1800 1.000 1.000 1.000 1.000
1825 1.000 1.000 1.000 1.000
1850 1.000 1.000 1.000 1.000
1875 1.000 1.000 1.000 1.000
1900 1.000 1.000 1.000 1.000
1925 1.000 1.000 1.000 1.000
1950 1.000 1.000 1.000 1.000
1975 1.000 1.000 1.000 1.000
2000 1.000 1.000 1.000 1.000
2025 1.000 1.000 1.000 1.000
2050 1.000 1.000 1.000 1.000
2075 1.000 1.000 1.000 1.000
2100 1.000 1.000 1.000 1.000
2125 1.000 1.000 1.000 1.000
2150 1.000 1.000 1.000 1.000
2175 1.000 1.000 1.000 1.000
2200 1.000 1.000 1.000 1.000
2225 1.000 1.000 1.000 1.000
2250 1.000 1.000 1.000 1.000
2275 1.000 1.000 1.000 1.000
2300 1.000 1.000 1.000 1.000
2325 1.000 1.000 1.000 1.000
2350 1.000 1.000 1.000 1.000
2375 1.000 1.000 1.000 1.000
2400 1.000 1.000 1.000 1.000
2425 1.000 1.000 1.000 1.000
2450 1.000 1.000 1.000 1.000
2475 1.000 1.000 1.000 1.000
2500 1.000 1.000 1.000 1.000
2525 1.000 1.000 1.000 1.000
2550 1.000 1.000 1.000 1.000
2575 1.000 1.000 1.000 1.000
2600 1.000 1.000 1.000 1.000
2625 1.000 1.000 1.000 1.000
2650 1.000 1.000 1.000 1.000
2675 1.000 1.000 1.000 1.000
2700 1.000 1.000 1.000 1.000
2725 1.000 1.000 1.000 1.000
2750 1.000 1.000 1.000 1.000
2775 1.000 1.000 1.000 1.000
2800 1.000 1.000 1.000 1.000
2825 1.000 1.000 1.000 1.000
2850 1.000 1.000 1.000 1.000
2875 1.000 1.000 1.000 1.000
2900 1.000 1.000 1.000 1.000
2925 1.000 1.000 1.000 1.000
2950 1.000 1.000 1.000 1.000
2975 1.000 1.000 1.000 1.000
3000 1.000 1.000 1.000 1.000
