t tx ty tvx tvy zx zy ex ey evx evy fdvx fdvy sx sy errz errkf
0.3000 0.6090 0.3134 1.9504 0.9639 -0.1594 0.3217 0.3920 0.1982 -0.0634 -1.2166 -16.6063 2.4888 0.9129 0.4564 0.7685 0.2457
0.4000 0.7994 0.4104 1.8519 0.9618 0.6459 0.7587 0.5678 0.5541 0.7173 0.8314 8.0530 4.3703 0.8367 0.4184 0.3806 0.2725
0.5000 0.9808 0.5112 1.8512 1.0694 1.5199 1.4394 1.1678 1.1187 2.4789 2.4392 8.7399 6.8072 0.7746 0.3874 1.0734 0.6356
0.6000 1.1680 0.6233 1.8833 1.1715 -0.8245 1.2924 0.2419 1.3258 -0.7256 2.3383 -23.4438 -1.4707 0.7238 0.3621 2.1019 1.1624
0.7000 1.3585 0.7374 1.8848 1.1536 4.3421 -0.0225 2.1078 0.8234 3.7572 0.6249 51.6665 -13.1490 0.6816 0.3411 3.0789 0.7542
0.8000 1.5651 0.8462 2.2002 1.0855 1.0229 0.2906 1.8743 0.6367 2.5341 0.1192 -33.1920 3.1312 0.6458 0.3234 0.7763 0.3734
0.9000 1.7743 0.9432 1.9857 0.9037 1.7487 0.6941 1.9843 0.6659 2.2793 0.1504 7.2577 4.0350 0.6152 0.3085 0.2504 0.3478
1.0000 1.9702 1.0378 1.9346 0.9723 1.3043 1.3214 1.8976 0.9049 1.7776 0.5178 -4.4444 6.2736 0.5886 0.2956 0.7238 0.1515
1.1000 2.1639 1.1361 1.8971 1.0028 2.0692 1.2776 2.0734 1.0607 1.7748 0.6750 7.6491 -0.4378 0.5654 0.2846 0.1703 0.1179
1.2000 2.3481 1.2412 1.7822 0.9754 3.2375 0.8758 2.5438 1.0518 2.1650 0.5671 11.6833 -4.0182 0.5449 0.2751 0.9615 0.2723
1.3000 2.5270 1.3390 1.9282 1.0533 1.6893 1.6867 2.4632 1.2733 1.7979 0.7873 -15.4821 8.1087 0.5267 0.2669 0.9071 0.0916
1.4000 2.7194 1.4561 1.9178 1.2636 2.3022 1.5496 2.5542 1.4054 1.6952 0.8556 6.1296 -1.3712 0.5104 0.2599 0.4275 0.1727
1.5000 2.8989 1.5942 1.6183 1.5203 2.5126 0.1854 2.6718 1.1541 1.6387 0.4389 2.1037 -13.6414 0.4959 0.2540 1.4607 0.4952
1.6000 3.0625 1.7479 1.7083 1.6080 2.6268 1.2504 2.7869 1.2110 1.5882 0.4546 1.1414 10.6492 0.4830 0.2489 0.6614 0.6035
1.7000 3.2197 1.9043 1.5549 1.5628 3.1198 1.1534 2.9844 1.2318 1.6265 0.4253 4.9304 -0.9692 0.4713 0.2447 0.7574 0.7124
1.8000 3.3685 2.0641 1.3836 1.7350 3.3206 1.7038 3.1839 1.3743 1.6616 0.5428 2.0079 5.5037 0.4609 0.2413 0.3635 0.7141
1.9000 3.5097 2.2362 1.3919 1.6009 3.9237 2.1659 3.4671 1.5964 1.7693 0.7388 6.0315 4.6212 0.4516 0.2385 0.4200 0.6413
2.0000 3.6535 2.3984 1.4329 1.5704 3.0390 2.3755 3.5251 1.8277 1.6628 0.9223 -8.8472 2.0955 0.4434 0.2363 0.6149 0.5850
2.1000 3.8060 2.5738 1.4522 1.6904 5.0033 2.6876 3.9408 2.0888 1.8812 1.1192 19.6425 3.1207 0.4360 0.2345 1.2027 0.5034
2.2000 3.9342 2.7513 1.3316 1.9019 1.8094 3.4442 3.7011 2.4712 1.5132 1.4351 -31.9385 7.5662 0.4295 0.2332 2.2349 0.3644
2.3000 4.0638 2.9374 1.3118 1.8086 2.0819 2.7893 3.5345 2.6524 1.2435 1.4791 2.7244 -6.5491 0.4237 0.2322 1.9875 0.6012
2.4000 4.2096 3.1289 1.4983 1.8940 3.3118 4.2833 3.5980 3.1181 1.1925 1.8523 12.2994 14.9407 0.4187 0.2315 1.4624 0.6116
2.5000 4.3661 3.3149 1.4068 1.8628 3.4623 2.6467 3.6735 3.1632 1.1560 1.6873 1.5045 -16.3666 0.4143 0.2310 1.1241 0.7090
2.6000 4.5168 3.5019 1.6703 1.9549 3.5624 3.4433 3.7509 3.3557 1.1243 1.7153 1.0010 7.9663 0.4106 0.2306 0.9562 0.7797
2.7000 4.6815 3.7095 1.5710 2.1007 4.3341 4.2511 3.9414 3.6809 1.1889 1.8970 7.7178 8.0781 0.4074 0.2304 0.6435 0.7406
2.8000 4.8299 3.9286 1.3259 2.3310 4.5633 4.5158 4.1427 4.0075 1.2568 2.0590 2.2915 2.6470 0.4046 0.2303 0.6449 0.6917
2.9000 4.9543 4.1650 1.2929 2.3444 3.1428 3.7593 4.0861 4.1171 1.1065 1.9449 -14.2053 -7.5656 0.4023 0.2302 1.8564 0.8695
3.0000 5.0721 4.3958 1.1994 2.3765 3.9907 3.8863 4.1637 4.2215 1.0792 1.8381 8.4797 1.2706 0.4004 0.2301 1.1953 0.9249
3.1000 5.2058 4.6414 1.4876 2.4941 5.6855 4.7577 4.4966 4.4800 1.2652 1.9267 16.9483 8.7135 0.3989 0.2301 0.4936 0.7274
3.2000 5.3570 4.8994 1.5986 2.4925 5.1319 3.9392 4.7036 4.5173 1.3318 1.7422 -5.5361 -8.1843 0.3976 0.2301 0.9862 0.7570
3.3000 5.5298 5.1430 1.7985 2.4579 3.6617 5.1612 4.6519 4.7910 1.1785 1.8604 -14.7021 12.2195 0.3966 0.2301 1.8681 0.9458
3.4000 5.7145 5.3849 1.8587 2.3928 6.1245 4.8676 4.9820 4.9538 1.3549 1.8328 24.6277 -2.9362 0.3958 0.2301 0.6600 0.8499
3.5000 5.8975 5.6319 1.9196 2.5514 7.0992 5.6474 5.4270 5.2452 1.6127 1.9612 9.7467 7.7984 0.3952 0.2301 1.2017 0.6090
3.6000 6.0871 5.8815 2.0175 2.5414 4.8239 4.6624 5.4692 5.2763 1.5134 1.7653 -22.7524 -9.8502 0.3947 0.2301 1.7555 0.8649
3.7000 6.2804 6.1390 1.8531 2.4835 5.4204 5.8215 5.5894 5.5309 1.4874 1.8580 5.9645 11.5909 0.3943 0.2301 0.9167 0.9204
3.8000 6.4862 6.3924 2.0849 2.5981 5.6622 6.9089 5.7263 5.9692 1.4775 2.1576 2.4185 10.8737 0.3941 0.2301 0.9724 0.8698
3.9000 6.6901 6.6672 1.9568 2.7389 5.4511 6.8291 5.8084 6.3214 1.4225 2.3195 -2.1115 -0.7979 0.3939 0.2301 1.2495 0.9470
4.0000 6.8797 6.9423 1.9317 2.7372 7.2937 8.1235 6.1589 6.8859 1.5971 2.7141 18.4258 12.9448 0.3938 0.2301 1.2517 0.7229
4.1000 7.0814 7.2190 2.0334 2.8440 9.3252 7.2290 6.7847 7.1725 1.9882 2.7321 20.3152 -8.9452 0.3937 0.2301 2.2438 0.3004
4.2000 7.2815 7.5127 2.0399 2.8378 6.8691 6.9978 6.9657 7.3508 1.9733 2.6196 -24.5612 -2.3117 0.3936 0.2301 0.6597 0.3548
4.3000 7.4753 7.8085 1.8395 2.9801 5.1950 8.3159 6.8582 7.7617 1.7172 2.7962 -16.7402 13.1803 0.3936 0.2301 2.3361 0.6189
4.4000 7.6546 8.1002 1.8772 2.8640 8.0318 7.8288 7.1851 7.9963 1.8476 2.7428 28.3680 -4.8708 0.3936 0.2301 0.4647 0.4809
4.5000 7.8434 8.3864 1.9779 2.8403 9.0938 7.8384 7.6369 8.1791 2.0721 2.6343 10.6201 0.0957 0.3936 0.2301 1.3652 0.2926
4.6000 8.0411 8.6674 1.8993 2.8305 8.5925 8.2028 7.9601 8.3918 2.1695 2.5741 -5.0133 3.6442 0.3936 0.2301 0.7211 0.2873
4.7000 8.2288 8.9499 1.7892 2.7967 7.5302 9.4272 8.0768 8.8139 2.0853 2.7695 -10.6234 12.2444 0.3936 0.2300 0.8462 0.2040
4.8000 8.4101 9.2235 1.7482 2.7398 7.3471 9.1852 8.1400 9.1108 1.9631 2.7932 -1.8305 -2.4201 0.3936 0.2300 1.0637 0.2927
4.9000 8.5704 9.4961 1.6077 2.6810 9.3866 11.0088 8.4990 9.7328 2.0999 3.1997 20.3944 18.2355 0.3936 0.2300 1.7188 0.2472
5.0000 8.7336 9.7624 1.5932 2.5715 8.1557 9.9786 8.6233 10.0370 2.0278 3.1811 -12.3082 -10.3019 0.3936 0.2300 0.6170 0.2960
5.1000 8.8852 10.0059 1.5988 2.4224 10.2653 10.1529 9.0490 10.3123 2.2152 3.1303 21.0954 1.7427 0.3936 0.2300 1.3879 0.3475
5.2000 9.0337 10.2492 1.4013 2.5779 7.2910 9.9827 8.9639 10.4893 1.9575 2.9689 -29.7433 -1.7011 0.3936 0.2300 1.7630 0.2501
5.3000 9.1741 10.5018 1.3798 2.4918 8.7156 10.9778 9.0909 10.8268 1.8997 3.0170 14.2460 9.9509 0.3936 0.2300 0.6609 0.3354
5.4000 9.3097 10.7688 1.2838 2.7712 7.6516 11.5193 9.0285 11.2112 1.6877 3.1151 -10.6394 5.4143 0.3936 0.2300 1.8200 0.5242
5.5000 9.4345 11.0408 1.2507 2.6459 9.3923 11.5181 9.2275 11.5217 1.7131 3.1140 17.4065 -0.0115 0.3935 0.2300 0.4791 0.5235
5.6000 9.5654 11.3073 1.2629 2.6399 8.1828 11.2352 9.2105 11.7066 1.5549 2.9638 -12.0942 -2.8289 0.3935 0.2300 1.3845 0.5342
5.7000 9.6924 11.5875 1.2443 2.8956 8.8455 12.1410 9.2854 12.0322 1.4872 2.9985 6.6269 9.0580 0.3935 0.2300 1.0117 0.6028
5.8000 9.8112 11.8734 1.1670 2.8706 8.9062 11.9133 9.3523 12.2434 1.4185 2.8934 0.6066 -2.2767 0.3935 0.2300 0.9059 0.5894
5.9000 9.9385 12.1550 1.3456 2.6847 9.7229 12.7235 9.5296 12.5731 1.4483 2.9413 8.1666 8.1015 0.3935 0.2300 0.6080 0.5848
6.0000 10.0766 12.4245 1.3778 2.7244 10.9022 12.5652 9.8645 12.8033 1.6079 2.8654 11.7935 -1.5831 0.3935 0.2300 0.8375 0.4341
6.1000 10.2303 12.6930 1.5756 2.6645 8.2359 12.5312 9.7483 12.9716 1.3752 2.7251 -26.6634 -0.3396 0.3935 0.2300 2.0010 0.5568
6.2000 10.3719 12.9555 1.3331 2.7079 10.7114 12.5616 10.0136 13.0996 1.4826 2.5537 24.7551 0.3035 0.3935 0.2300 0.5200 0.3863
6.3000 10.4973 13.2201 1.1557 2.7202 9.4417 12.5519 10.0504 13.1850 1.3889 2.3520 -12.6969 -0.0965 0.3935 0.2300 1.2493 0.4483
6.4000 10.6065 13.4919 1.0062 2.6966 10.1121 13.2159 10.1773 13.3770 1.3789 2.3007 6.7044 6.6398 0.3935 0.2300 0.5662 0.4443
6.5000 10.7019 13.7678 0.8490 2.9025 12.1815 13.8373 10.6041 13.6558 1.6216 2.3585 20.6934 6.2137 0.3935 0.2300 1.4812 0.1487
6.6000 10.7884 14.0647 0.8052 3.0129 10.1826 14.2616 10.6759 13.9699 1.5457 2.4514 -19.9884 4.2432 0.3935 0.2300 0.6370 0.1471
6.7000 10.8770 14.3714 0.9705 2.9502 11.5427 14.2390 10.9408 14.2201 1.6383 2.4574 13.6003 -0.2262 0.3935 0.2300 0.6787 0.1641
6.8000 10.9806 14.6793 1.1941 3.1444 11.6399 13.9929 11.1875 14.3658 1.7079 2.3387 0.9728 -2.4607 0.3935 0.2300 0.9518 0.3756
6.9000 11.1041 14.9906 1.2809 3.0465 10.5438 15.3020 11.2322 14.7483 1.6020 2.5151 -10.9609 13.0912 0.3935 0.2300 0.6410 0.2741
7.0000 11.2365 15.2891 1.4099 3.1224 11.4627 15.8851 11.4033 15.1872 1.6111 2.7374 9.1880 5.8309 0.3934 0.2300 0.6375 0.1955
7.1000 11.3740 15.5951 1.2897 2.9336 11.4201 16.2201 11.5420 15.6216 1.5924 2.9280 -0.4252 3.3503 0.3934 0.2300 0.6267 0.1701
7.2000 11.5247 15.8829 1.5449 2.8709 13.1177 15.6303 11.9205 15.8543 1.7766 2.8567 16.9762 -5.8981 0.3934 0.2300 1.6129 0.3969
7.3000 11.6998 16.1875 1.8284 3.1236 13.2803 17.0821 12.2812 16.3394 1.9302 3.0933 1.6259 14.5178 0.3934 0.2300 1.8161 0.6009
7.4000 11.8764 16.4932 1.7741 2.9687 9.9363 17.2497 12.0814 16.7759 1.6003 3.2442 -33.4403 1.6758 0.3934 0.2300 2.0824 0.3492
7.5000 12.0657 16.7806 1.9268 2.8103 9.7658 17.3181 11.8582 17.1464 1.2784 3.2989 -1.7047 0.6844 0.3934 0.2300 2.3618 0.4206
7.6000 12.2550 17.0528 1.9505 2.7151 12.7838 16.7971 12.1095 17.3326 1.3821 3.1283 30.1798 -5.2098 0.3934 0.2300 0.5874 0.3153
7.7000 12.4476 17.3283 1.8911 2.7563 13.6484 16.1175 12.4646 17.3220 1.5643 2.7446 8.6457 -6.7967 0.3934 0.2300 1.7053 0.0181
7.8000 12.6282 17.5995 1.6985 2.7997 12.2922 18.4996 12.5701 17.7876 1.5215 2.9714 -13.5616 23.8210 0.3934 0.2300 0.9607 0.1969
7.9000 12.7925 17.8734 1.6083 2.7631 12.2784 17.9509 12.6535 18.0564 1.4638 2.9378 -0.1385 -5.4868 0.3934 0.2300 0.5199 0.2298
8.0000 12.9631 18.1359 1.6896 2.5153 13.4265 18.1040 12.8969 18.2981 1.5453 2.8760 11.4815 1.5311 0.3934 0.2300 0.4646 0.1752
8.1000 13.1336 18.3740 1.6729 2.3707 13.5109 18.6123 13.1226 18.5913 1.6050 2.8827 0.8438 5.0831 0.3934 0.2300 0.4463 0.2175
8.2000 13.3137 18.6131 1.8129 2.3000 13.3064 18.8269 13.2867 18.8684 1.6081 2.8694 -2.0450 2.1458 0.3934 0.2300 0.2139 0.2567
8.3000 13.5090 18.8370 2.0035 2.1486 13.6990 17.9198 13.4864 18.8938 1.6408 2.5591 3.9260 -9.0704 0.3934 0.2300 0.9367 0.0611
8.4000 13.6994 19.0473 1.8984 2.0311 12.0743 19.1034 13.4065 19.1399 1.4358 2.5475 -16.2473 11.8356 0.3934 0.2300 1.6261 0.3072
8.5000 13.8867 19.2429 1.9133 1.8790 12.6901 19.8234 13.4170 19.4854 1.3240 2.6552 6.1578 7.1998 0.3934 0.2300 1.3300 0.5287
8.6000 14.0726 19.4315 1.7567 1.9224 14.0932 18.6456 13.6336 19.5170 1.3947 2.3776 14.0312 -11.7782 0.3934 0.2300 0.7862 0.4473
8.7000 14.2498 19.6124 1.6938 1.7919 14.3168 19.4089 13.8572 19.6815 1.4654 2.2907 2.2360 7.6333 0.3934 0.2300 0.2143 0.3986
8.8000 14.4157 19.7915 1.7489 1.8093 14.7122 20.0535 14.1134 19.9408 1.5575 2.3266 3.9542 6.4464 0.3934 0.2300 0.3957 0.3372
8.9000 14.5900 19.9850 1.6782 2.0728 15.1606 19.8232 14.4072 20.0994 1.6734 2.2386 4.4842 -2.3029 0.3934 0.2300 0.5931 0.2156
9.0000 14.7552 20.1931 1.7541 2.1865 15.6601 20.4305 14.7426 20.3459 1.8146 2.2656 4.9951 6.0721 0.3934 0.2300 0.9356 0.1534
9.1000 14.9385 20.4067 1.8014 2.0574 16.3858 20.5946 15.1503 20.5772 2.0046 2.2711 7.2566 1.6410 0.3934 0.2300 1.4595 0.2719
9.2000 15.1171 20.6115 1.8127 2.0833 15.0628 20.5527 15.3062 20.7510 1.9672 2.2080 -13.2297 -0.4181 0.3934 0.2300 0.0800 0.2350
9.3000 15.2980 20.8239 1.8067 2.0740 16.4244 20.3078 15.6456 20.8313 2.0870 2.0412 13.6158 -2.4498 0.3934 0.2300 1.2390 0.3476
9.4000 15.4815 21.0297 1.8008 1.9819 13.9312 22.1256 15.5566 21.2662 1.8370 2.3150 -24.9323 18.1783 0.3934 0.2300 1.8986 0.2480
9.5000 15.6646 21.2383 1.8203 2.2113 15.1464 20.5361 15.6483 21.2941 1.7598 2.0735 12.1525 -15.8949 0.3934 0.2300 0.8727 0.0581
9.6000 15.8371 21.4527 1.7777 2.0526 15.6564 21.4478 15.7983 21.4901 1.7379 2.0600 5.0998 9.1169 0.3934 0.2300 0.1808 0.0539
9.7000 16.0183 21.6587 1.8172 1.9581 16.2493 22.5125 16.0150 21.8689 1.7740 2.2650 5.9292 10.6472 0.3934 0.2300 0.8845 0.2102
9.8000 16.2170 21.8643 2.1379 2.1174 17.0513 22.3037 16.3254 22.1395 1.8857 2.3173 8.0196 -2.0886 0.3934 0.2300 0.9429 0.2958
9.9000 16.4302 22.0755 2.1929 2.0920 15.6825 21.5786 16.3852 22.2035 1.7775 2.1183 -13.6881 -7.2503 0.3934 0.2300 0.8978 0.1356
10.0000 16.6395 22.2875 2.0299 2.0555 16.8674 22.1871 16.6101 22.3670 1.8171 2.0610 11.8489 6.0844 0.3934 0.2300 0.2491 0.0847
10.1000 16.8504 22.4731 2.1679 1.8407 15.6592 22.6820 16.6165 22.5961 1.6699 2.0883 -12.0815 4.9493 0.3934 0.2300 1.2093 0.2643
10.2000 17.0668 22.6578 2.2741 1.8724 16.7271 23.3186 16.7748 22.9137 1.6625 2.2173 10.6793 6.3660 0.3934 0.2300 0.7430 0.3883
10.3000 17.3067 22.8539 2.4481 1.9940 17.4071 22.6904 17.0132 23.0412 1.7231 2.1056 6.7999 -6.2820 0.3934 0.2300 0.1919 0.3482
10.4000 17.5673 23.0446 2.7004 1.8465 16.0582 22.7924 17.0110 23.1545 1.5766 1.9902 -13.4890 1.0197 0.3934 0.2300 1.5300 0.5671
10.5000 17.8410 23.2355 2.7800 1.9854 19.2021 22.8192 17.4834 23.2404 1.8410 1.8560 31.4384 0.2680 0.3934 0.2300 1.4233 0.3576
10.6000 18.1304 23.4182 2.9141 1.8268 17.2378 23.8360 17.6010 23.5128 1.7851 1.9589 -19.6427 10.1685 0.3934 0.2300 0.9856 0.5378
10.7000 18.4161 23.6157 2.8668 2.1495 18.7152 24.1994 17.9243 23.8126 1.9067 2.0822 14.7745 3.6340 0.3934 0.2300 0.6559 0.5297
10.8000 18.6975 23.8342 2.7578 2.2403 15.5787 24.2414 17.7224 24.0675 1.5770 2.1376 -31.3656 0.4201 0.3934 0.2300 3.1453 1.0026
10.9000 18.9797 24.0534 2.8939 2.0445 20.7404 23.8520 18.3229 24.1904 1.9489 2.0298 51.6169 -3.8940 0.3934 0.2300 1.7721 0.6710
11.0000 19.2601 24.2639 2.8059 2.2864 18.1402 23.7599 18.4593 24.2593 1.8998 1.8707 -26.0019 -0.9211 0.3934 0.2300 1.2281 0.8009
11.1000 19.5410 24.5064 2.8269 2.5941 18.8365 25.5067 18.6783 24.6708 1.9241 2.1370 6.9629 17.4683 0.3934 0.2300 1.2235 0.8782
11.2000 19.8315 24.7829 2.8612 3.0185 20.3351 24.0175 19.0973 24.7010 2.1145 1.9193 14.9859 -14.8924 0.3934 0.2300 0.9162 0.7387
11.3000 20.1137 25.0828 2.8456 3.0192 18.0331 25.0771 19.1113 24.9319 1.9486 1.9655 -23.0194 10.5961 0.3934 0.2300 2.0806 1.0137
11.4000 20.4205 25.3889 3.2013 3.0267 19.7691 25.8534 19.3778 25.2819 2.0088 2.1476 17.3594 7.7630 0.3934 0.2300 0.8001 1.0481
11.5000 20.7430 25.6927 3.3821 2.9454 21.6927 26.2749 19.9060 25.6614 2.2837 2.3430 19.2367 4.2150 0.3934 0.2300 1.1140 0.8376
11.6000 21.0783 25.9746 3.4143 2.7455 22.1080 26.5499 20.4399 26.0342 2.5403 2.5073 4.1530 2.7499 0.3934 0.2300 1.1795 0.6412
11.7000 21.4118 26.2579 3.3696 2.7943 22.2824 26.5874 20.9398 26.3489 2.7468 2.5833 1.7439 0.3751 0.3934 0.2300 0.9309 0.4807
11.8000 21.7423 26.5496 3.2926 2.7925 21.0145 26.7862 21.1835 26.6451 2.7208 2.6282 -12.6788 1.9880 0.3934 0.2300 0.7653 0.5669
11.9000 22.0784 26.8298 3.3609 2.6864 20.7676 27.2455 21.3491 26.9794 2.6314 2.7130 -2.4694 4.5928 0.3934 0.2300 1.3752 0.7445
12.0000 22.4118 27.1100 3.3642 2.7785 21.4870 27.3710 21.5928 27.2762 2.6151 2.7432 7.1938 1.2547 0.3934 0.2300 0.9609 0.8356
12.1000 22.7352 27.4085 3.2244 2.9516 23.3661 26.7425 22.0884 27.3795 2.8116 2.5403 18.7907 -6.2842 0.3934 0.2300 0.9173 0.6475
12.2000 23.0647 27.7000 3.3067 2.8190 23.5021 27.5749 22.5448 27.6211 2.9589 2.5256 1.3601 8.3236 0.3934 0.2300 0.4549 0.5258
12.3000 23.3949 27.9797 3.3324 2.7666 22.7290 27.1839 22.8234 27.7276 2.9443 2.3523 -7.7310 -3.9103 0.3934 0.2300 1.0377 0.6246
12.4000 23.7381 28.2383 3.4462 2.4627 24.1049 28.2358 23.2707 28.0207 3.0727 2.4209 13.7596 10.5193 0.3934 0.2300 0.3669 0.5156
12.5000 24.0822 28.4834 3.4160 2.5215 24.7077 29.2076 23.7528 28.4627 3.2196 2.6582 6.0276 9.7174 0.3934 0.2300 0.9569 0.3300
12.6000 24.4067 28.7301 3.1519 2.4006 22.0969 28.6410 23.7686 28.7100 2.9624 2.6362 -26.1081 -5.6655 0.3934 0.2300 2.3116 0.6385
12.7000 24.7244 28.9612 3.1610 2.2397 25.1574 29.3164 24.2340 29.0462 3.1045 2.7222 30.6047 6.7535 0.3934 0.2300 0.5600 0.4978
12.8000 25.0282 29.1911 2.9654 2.3419 26.2911 29.2130 24.8148 29.2961 3.3316 2.6958 11.3375 -1.0334 0.3934 0.2300 1.2630 0.2379
12.9000 25.3149 29.4343 2.8096 2.5159 23.0528 29.4044 24.8236 29.5315 3.0592 2.6553 -32.3825 1.9135 0.3934 0.2300 2.2623 0.5008
13.0000 25.6027 29.6779 2.9571 2.3932 26.8489 29.5722 25.3957 29.7495 3.2827 2.5988 37.9607 1.6783 0.3934 0.2300 1.2507 0.2190
13.1000 25.8779 29.9184 2.6505 2.4425 24.4292 30.0909 25.5235 30.0266 3.1144 2.6193 -24.1973 5.1871 0.3934 0.2300 1.4589 0.3705
13.2000 26.1263 30.1541 2.3989 2.3934 27.3884 30.2639 26.0754 30.2833 3.3163 2.6131 29.5923 1.7297 0.3934 0.2300 1.2668 0.1388
13.3000 26.3634 30.4059 2.4533 2.4965 27.7742 30.7645 26.6187 30.5912 3.4941 2.6683 3.8577 5.0058 0.3934 0.2300 1.4557 0.3155
13.4000 26.6209 30.6492 2.6039 2.3290 28.2107 31.2540 27.1605 30.9418 3.6556 2.7678 4.3652 4.8955 0.3934 0.2300 1.7010 0.6138
13.5000 26.8759 30.8913 2.4425 2.4335 28.2035 30.8401 27.6309 31.1385 3.7437 2.6727 -0.0722 -4.1387 0.3934 0.2300 1.3285 0.7944
13.6000 27.1101 31.1328 2.1864 2.2579 27.0324 31.5178 27.8547 31.4295 3.6172 2.7008 -11.7103 6.7766 0.3934 0.2300 0.3928 0.8016
13.7000 27.3290 31.3569 2.1776 2.1325 25.8154 31.6840 27.8447 31.6963 3.3051 2.6969 -12.1706 1.6619 0.3934 0.2300 1.5486 0.6173
13.8000 27.5505 31.5637 2.3069 1.9342 27.6723 31.6590 28.0974 31.9010 3.2397 2.6198 18.5689 -0.2503 0.3934 0.2300 0.1546 0.6425
13.9000 27.7725 31.7557 2.1440 2.0265 27.5761 31.4911 28.2905 32.0207 3.1298 2.4511 -0.9617 -1.6783 0.3934 0.2300 0.3295 0.5818
14.0000 27.9838 31.9511 2.0767 1.8667 26.8704 31.3341 28.3352 32.0686 2.9044 2.2171 -7.0574 -1.5705 0.3934 0.2300 1.2729 0.3705
14.1000 28.1988 32.1282 2.1928 1.6840 28.2776 30.8500 28.5718 31.9855 2.8592 1.8554 14.0726 -4.8407 0.3934 0.2300 1.2807 0.3994
14.2000 28.4097 32.2834 1.9342 1.4728 29.1141 31.6610 28.8974 32.0631 2.8925 1.7273 8.3650 8.1101 0.3934 0.2300 0.9400 0.5351
14.3000 28.5909 32.4217 1.7545 1.3720 28.6073 32.7918 29.0970 32.3535 2.8172 1.8670 -5.0678 11.3074 0.3934 0.2300 0.3704 0.5106
14.4000 28.7619 32.5554 1.5761 1.3811 28.0186 32.8008 29.1681 32.5953 2.6404 1.9324 -5.8875 0.0902 0.3934 0.2300 0.7828 0.4082
14.5000 28.9167 32.6720 1.5770 1.0093 29.5553 32.9365 29.4513 32.8199 2.6564 1.9696 15.3676 1.3576 0.3934 0.2300 0.6913 0.5547
14.6000 29.0740 32.7846 1.4364 1.3010 29.8644 32.3359 29.7397 32.8727 2.6756 1.7986 3.0904 -6.0060 0.3934 0.2300 0.9089 0.6716
14.7000 29.2147 32.9036 1.2431 1.0663 29.6291 32.9754 29.9487 33.0362 2.6264 1.7792 -2.3529 6.3940 0.3934 0.2300 0.4205 0.7459
14.8000 29.3523 33.0070 1.3311 1.0070 28.8020 32.0721 29.9932 32.9724 2.4432 1.4924 -8.2715 -9.0329 0.3934 0.2300 1.0849 0.6419
14.9000 29.4962 33.1141 1.4962 1.2009 27.8383 32.2453 29.8661 32.9361 2.1312 1.2723 -9.6363 1.7324 0.3934 0.2300 1.8717 0.4105
15.0000 29.6470 33.2222 1.4951 0.9892 29.6174 32.1890 30.0078 32.8783 2.0712 1.0527 17.7905 -0.5624 0.3934 0.2300 1.0335 0.4984
15.1000 29.7882 33.3231 1.3412 1.0052 29.1169 33.3241 30.0449 33.0556 1.9284 1.1382 -5.0045 11.3502 0.3934 0.2300 0.6712 0.3708
15.2000 29.9287 33.4286 1.4174 1.0597 30.1624 33.0540 30.2261 33.1450 1.9186 1.1092 10.4549 -2.7003 0.3934 0.2300 0.4415 0.4109
15.3000 30.0750 33.5429 1.4013 1.2845 29.9111 34.3402 30.3395 33.4855 1.8527 1.3815 -2.5128 12.8612 0.3934 0.2300 0.8139 0.2707
15.4000 30.2166 33.6626 1.4060 1.0343 31.1432 33.6587 30.6205 33.6310 1.9331 1.3903 12.3205 -6.8148 0.3934 0.2300 0.9266 0.4052
15.5000 30.3631 33.7530 1.4616 0.8332 30.7721 33.7871 30.8074 33.7737 1.9277 1.3946 -3.7105 1.2839 0.3934 0.2300 0.4104 0.4447
15.6000 30.5081 33.8252 1.4358 0.7524 32.3580 33.8612 31.2103 33.9021 2.1043 1.3816 15.8587 0.7413 0.3934 0.2300 1.8502 0.7064
15.7000 30.6482 33.9020 1.5270 0.8254 31.6501 33.3675 31.4563 33.8979 2.1341 1.2126 -7.0787 -4.9374 0.3934 0.2300 1.1356 0.8081
15.8000 30.7889 33.9887 1.4409 0.9080 30.3732 35.5606 31.4690 34.3454 1.9655 1.5997 -12.7691 21.9317 0.3934 0.2300 1.6259 0.7679
15.9000 30.9317 34.0708 1.4876 0.9915 31.0660 34.3287 31.5727 34.4680 1.8876 1.5553 6.9283 -12.3189 0.3934 0.2300 0.2908 0.7541
16.0000 31.0856 34.1627 1.6869 0.9660 30.5900 33.6885 31.5802 34.4256 1.7353 1.3205 -4.7601 -6.4022 0.3934 0.2300 0.6859 0.5601
16.1000 31.2512 34.2698 1.7436 0.9737 31.5954 34.1555 31.7292 34.4725 1.7147 1.2195 10.0537 4.6697 0.3934 0.2300 0.3626 0.5192
16.2000 31.4228 34.3629 1.7433 0.9452 30.0809 34.1087 31.6190 34.4917 1.4781 1.0975 -15.1454 -0.4679 0.3934 0.2300 1.3658 0.2346
16.3000 31.5953 34.4623 1.7476 0.9926 32.9883 34.3796 31.9559 34.5545 1.6369 1.0418 29.0745 2.7094 0.3934 0.2300 1.3954 0.3721
16.4000 31.7742 34.5717 1.8570 1.1048 32.3272 34.0159 32.1517 34.5226 1.6639 0.8804 -6.6115 -3.6371 0.3934 0.2300 0.7840 0.3806
16.5000 31.9713 34.6819 2.0257 0.9701 32.7739 34.9033 32.3886 34.6726 1.7232 0.9539 4.4680 8.8741 0.3934 0.2300 0.8326 0.4174
16.6000 32.1695 34.7799 1.8783 0.8549 32.8904 34.5086 32.6120 34.7131 1.7660 0.8888 1.1643 -3.9469 0.3934 0.2300 0.7702 0.4474
16.7000 32.3555 34.8731 1.8148 0.9589 32.8572 35.0947 32.7992 34.8639 1.7749 0.9623 -0.3318 5.8605 0.3934 0.2300 0.5485 0.4438
16.8000 32.5237 34.9751 1.6030 1.0326 32.8348 35.3595 32.9547 35.0447 1.7565 1.0626 -0.2245 2.6482 0.3934 0.2300 0.4945 0.4366
16.9000 32.6887 35.0776 1.7990 1.0551 32.8247 34.9041 33.0830 35.0987 1.7167 1.0006 -0.1010 -4.5547 0.3934 0.2300 0.2204 0.3949
17.0000 32.8754 35.1762 1.8800 0.9249 31.0465 33.9148 32.9129 34.9270 1.4296 0.6782 -17.7820 -9.8924 0.3934 0.2300 2.2218 0.2521
17.1000 33.0693 35.2706 1.9525 0.9854 32.2876 35.3512 32.9369 35.0702 1.3297 0.7677 12.4113 14.3643 0.3934 0.2300 0.7859 0.2401
17.2000 33.2800 35.3654 2.2077 0.8588 32.8811 34.4494 33.0407 34.9994 1.3052 0.5925 5.9351 -9.0182 0.3934 0.2300 0.9991 0.4374
17.3000 33.4973 35.4694 2.1776 1.0606 33.4324 34.8507 33.2116 35.0146 1.3392 0.5403 5.5128 4.0125 0.3934 0.2300 0.6222 0.5371
17.4000 33.7229 35.5790 2.3170 1.2094 34.0868 35.6292 33.4603 35.1873 1.4355 0.6810 6.5441 7.7853 0.3934 0.2300 0.3674 0.4716
17.5000 33.9572 35.6997 2.2794 1.1355 34.0901 35.9950 33.6791 35.4119 1.4988 0.8668 0.0330 3.6576 0.3934 0.2300 0.3238 0.4002
17.6000 34.1847 35.8188 2.1279 1.1285 34.7860 35.3478 33.9771 35.4667 1.6232 0.8289 6.9590 -6.4713 0.3934 0.2300 0.7638 0.4088
17.7000 34.3932 35.9292 2.0636 1.0668 33.6864 35.8649 34.0693 35.6163 1.5643 0.9081 -10.9960 5.1702 0.3934 0.2300 0.7098 0.4504
17.8000 34.6061 36.0334 2.2283 0.9861 35.3712 36.2018 34.4030 35.8118 1.7132 1.0323 16.8481 3.3699 0.3934 0.2300 0.7834 0.3005
17.9000 34.8314 36.1282 2.3459 0.8603 33.4815 35.9835 34.4052 35.9296 1.5711 1.0495 -18.8968 -2.1834 0.3934 0.2300 1.3577 0.4702
18.0000 35.0621 36.2234 2.1762 1.1695 34.8895 36.1075 34.6129 36.0500 1.6136 1.0678 14.0795 1.2398 0.3934 0.2300 0.2080 0.4815
18.1000 35.2845 36.3450 2.3389 1.2489 33.6885 36.5629 34.6062 36.2427 1.4725 1.1698 -12.0091 4.5538 0.3934 0.2300 1.6107 0.6859
18.2000 35.5138 36.4719 2.3371 1.2796 35.4065 36.0464 34.8546 36.2934 1.5574 1.0912 17.1792 -5.1643 0.3934 0.2300 0.4388 0.6830
18.3000 35.7318 36.6024 2.1559 1.1638 36.5548 36.1166 35.2494 36.3420 1.7582 1.0194 11.4835 0.7016 0.3934 0.2300 0.9557 0.5482
18.4000 35.9320 36.7123 1.9083 1.1229 35.7517 36.4486 35.4758 36.4449 1.8006 1.0205 -8.0308 3.3196 0.3934 0.2300 0.3195 0.5288
18.5000 36.1249 36.8348 1.9835 1.2209 36.2234 36.6052 35.7437 36.5593 1.8744 1.0352 4.7164 1.5669 0.3934 0.2300 0.2498 0.4704
18.6000 36.3175 36.9496 1.8098 1.1183 34.5581 37.2798 35.7186 36.7934 1.6959 1.1901 -16.6524 6.7455 0.3934 0.2300 1.7901 0.6189
18.7000 36.5098 37.0563 2.0192 1.1162 36.5297 36.7825 35.9875 36.8849 1.7793 1.1575 19.7158 -4.9733 0.3934 0.2300 0.2746 0.5497
18.8000 36.6966 37.1616 1.8007 1.0084 35.5175 37.4457 36.0651 37.0949 1.6951 1.2692 -10.1222 6.6320 0.3934 0.2300 1.2128 0.6349
18.9000 36.8575 37.2639 1.6310 0.8967 37.8650 36.7992 36.4870 37.1323 1.9071 1.1631 23.4748 -6.4651 0.3934 0.2300 1.1095 0.3932
19.0000 37.0170 37.3529 1.5708 0.8177 37.5742 38.3823 36.8165 37.4886 2.0236 1.4478 -2.9078 15.8313 0.3934 0.2300 1.1705 0.2421
19.1000 37.1778 37.4488 1.6341 1.0096 37.3188 37.4360 37.0653 37.5916 2.0626 1.3982 -2.5538 -9.4630 0.3934 0.2300 0.1416 0.1818
19.2000 37.3415 37.5494 1.7073 0.9835 36.4776 37.3274 37.1487 37.6459 1.9594 1.2968 -8.4119 -1.0857 0.3934 0.2300 0.8919 0.2156
19.3000 37.5060 37.6390 1.5799 0.7971 37.5712 37.7971 37.3797 37.7801 1.9889 1.3022 10.9354 4.6963 0.3934 0.2300 0.1710 0.1894
19.4000 37.6710 37.7189 1.6330 0.7862 39.5200 37.7915 37.8791 37.8852 2.2413 1.2723 19.4887 -0.0559 0.3934 0.2300 1.8505 0.2663
19.5000 37.8377 37.8038 1.6483 0.8357 38.1908 37.4118 38.1168 37.8853 2.2527 1.1215 -13.2921 -3.7967 0.3934 0.2300 0.5276 0.2907
19.6000 37.9999 37.8932 1.7413 0.8939 36.3302 37.7124 38.0306 37.9371 1.9911 1.0499 -18.6061 3.0065 0.3934 0.2300 1.6794 0.0536
19.7000 38.1632 38.0013 1.5804 1.2385 39.5881 38.2427 38.4400 38.0846 2.1677 1.1003 32.5785 5.3025 0.3934 0.2300 1.4451 0.2890
19.8000 38.3066 38.1294 1.4822 1.3216 39.4725 37.1814 38.7831 37.9801 2.2738 0.8458 -1.1556 -10.6131 0.3934 0.2300 1.5027 0.4993
19.9000 38.4725 38.2766 1.6718 1.5806 39.3107 38.0284 39.0569 38.0570 2.3128 0.8367 -1.6180 8.4702 0.3934 0.2300 0.8742 0.6244
20.0000 38.6322 38.4354 1.6059 1.7049 40.2675 38.1808 39.4398 38.1492 2.4401 0.8468 9.5681 1.5243 0.3934 0.2300 1.6551 0.8569
