t tx ty zx zy e1x e1y err1 e2x e2y err2 e3x e3y err3
0.2000 0.6000 0.0000 0.1998 -0.4641 0.2168 -0.3571 0.5238 0.2168 -0.3571 0.5238 0.2167 -0.3577 0.5243
0.3000 0.9000 0.0000 1.0866 -0.8403 0.8632 -0.7202 0.7212 0.8633 -0.7203 0.7212 0.8697 -0.7251 0.7257
0.4000 1.2000 0.0000 0.3403 0.0688 0.6888 -0.3280 0.6074 0.6886 -0.3278 0.6074 0.6734 -0.3065 0.6093
0.5000 1.5000 0.0000 2.1921 2.5319 1.5592 1.1679 1.1694 1.5599 1.1702 1.1717 1.6164 1.3600 1.3650
0.6000 1.8000 0.0000 2.2870 1.5331 2.0922 1.5542 1.5814 2.0935 1.5570 1.5844 2.1886 1.7464 1.7891
0.7000 2.1000 0.0000 0.9521 -1.0608 1.8522 0.6981 0.7408 1.8503 0.6944 0.7379 1.7290 0.4477 0.5814
0.8000 2.4000 0.0000 2.6300 -0.4875 2.3168 0.3429 0.3529 2.3162 0.3334 0.3438 2.2814 -0.1372 0.1814
0.9000 2.7000 0.0000 4.1396 1.3233 3.1482 0.7210 0.8489 3.1552 0.7148 0.8475 3.4329 0.5184 0.8977
1.0000 3.0000 0.0000 2.0086 0.6525 3.0518 0.7744 0.7761 3.0490 0.7669 0.7685 2.9333 0.6173 0.6209
1.1000 3.3000 0.0000 5.0028 1.1730 3.8536 0.9640 1.1117 3.8657 0.9593 1.1137 4.1543 0.9551 1.2814
1.2000 3.6000 0.0000 2.7371 -0.5115 3.8251 0.6408 0.6791 3.8195 0.6166 0.6545 3.6426 0.2296 0.2335
1.3000 3.9000 0.0000 3.3560 -0.1682 3.9526 0.4780 0.4809 3.9331 0.4384 0.4397 3.5588 -0.0670 0.3478
1.4000 4.2000 0.0000 4.0879 -1.3413 4.2213 0.0653 0.0687 4.1966 -0.0126 0.0131 3.8793 -0.8659 0.9234
1.5000 4.5000 0.0000 3.8228 -0.0107 4.3672 0.0399 0.1387 4.3244 -0.0423 0.1806 3.9230 -0.5977 0.8308
1.6000 4.8000 0.0000 5.9814 1.2224 4.9442 0.2861 0.3203 4.9384 0.2379 0.2752 5.1054 0.3245 0.4456
1.7000 5.1000 0.0000 4.6512 -0.4299 5.1363 0.1485 0.1529 5.1117 0.0789 0.0797 5.0957 0.0253 0.0256
1.8000 5.4000 0.0000 7.4104 -1.4025 5.8269 -0.1552 0.4542 5.8799 -0.2827 0.5569 6.5104 -0.7400 1.3344
1.9000 5.7000 0.0000 5.8536 2.7378 6.1068 0.3627 0.5450 6.1490 0.3670 0.5799 6.4864 1.0448 1.3077
2.0000 6.0000 0.0000 5.6007 1.2491 6.2906 0.5340 0.6080 6.2916 0.5886 0.6568 6.2023 1.3937 1.4083
2.1000 6.3000 0.0000 4.9571 0.6567 6.3302 0.5780 0.5788 6.2386 0.6430 0.6460 5.5932 1.1956 1.3888
2.2000 6.6000 0.0000 7.8275 0.8026 6.8285 0.6390 0.6786 6.8091 0.7184 0.7482 6.7576 1.0716 1.0831
2.3000 6.9000 0.0000 8.0274 -1.5194 7.2834 0.3249 0.5025 7.3239 0.2593 0.4969 7.6202 -0.3152 0.7862
2.4000 7.2000 0.0000 7.5483 -1.0169 7.5989 0.1283 0.4191 7.6359 -0.0334 0.4372 7.8334 -0.9215 1.1182
2.5000 7.5000 0.0000 7.3130 2.1115 7.8336 0.4156 0.5329 7.8234 0.4097 0.5220 7.7400 0.5005 0.5551
2.6000 7.8000 0.0000 5.7054 -0.0897 7.8055 0.3555 0.3555 7.5971 0.3108 0.3712 6.7253 0.2774 1.1099
2.7000 8.1000 0.0000 10.5316 -0.2835 8.4369 0.2757 0.4353 8.4429 0.1797 0.3872 8.6978 -0.0076 0.5978
2.8000 8.4000 0.0000 9.2292 -1.1382 8.8173 0.0913 0.4272 8.8688 -0.1254 0.4853 9.2635 -0.6638 1.0892
2.9000 8.7000 0.0000 9.1274 -0.9748 9.1367 -0.0516 0.4397 9.1874 -0.3544 0.6026 9.4558 -0.9712 1.2306
3.0000 9.0000 0.0000 7.3954 -0.4688 9.1989 -0.1157 0.2301 9.0480 -0.4372 0.4398 8.5228 -0.8332 0.9602
3.1000 9.3000 0.0000 10.3248 0.2797 9.6060 -0.0817 0.3167 9.5453 -0.3359 0.4159 9.4689 -0.2829 0.3294
3.2000 9.6000 0.0000 10.4702 -1.2878 9.9838 -0.2368 0.4510 9.9860 -0.5888 0.7040 10.1576 -0.7747 0.9545
3.3000 9.9000 0.0000 9.5864 -0.1720 10.2168 -0.2475 0.4021 10.1456 -0.5566 0.6084 10.0502 -0.4938 0.5161
3.4000 10.2000 0.0000 9.5208 -1.0025 10.4146 -0.3506 0.4111 10.2394 -0.7057 0.7068 9.8672 -0.7541 0.8243
3.5000 10.5000 0.0000 11.0316 0.1324 10.7551 -0.3187 0.4082 10.6285 -0.5773 0.5915 10.5397 -0.3019 0.3045
3.6000 10.8000 0.0000 11.1078 -1.6208 11.0677 -0.4782 0.5481 10.9592 -0.8478 0.8626 10.9896 -0.9671 0.9855
3.7000 11.1000 0.0000 12.9216 -0.8785 11.5389 -0.5452 0.6999 11.6239 -0.9145 1.0539 12.2128 -0.9992 1.4955
3.8000 11.4000 0.0000 10.8305 1.4201 11.7483 -0.3684 0.5070 11.7119 -0.4541 0.5508 11.7686 0.2729 0.4586
3.9000 11.7000 0.0000 10.9414 -0.8020 11.9456 -0.4307 0.4958 11.7804 -0.5380 0.5440 11.4296 -0.1280 0.2992
4.0000 12.0000 0.0000 12.7351 -0.9749 12.2995 -0.5048 0.5870 12.2091 -0.6492 0.6820 12.1567 -0.5470 0.5690
4.1000 12.3000 0.0000 12.7270 0.5645 12.6190 -0.4223 0.5292 12.5554 -0.4023 0.4765 12.6034 0.0173 0.3039
4.2000 12.6000 0.0000 13.4478 0.9280 12.9773 -0.3105 0.4886 12.9898 -0.1025 0.4030 13.2267 0.5877 0.8592
4.3000 12.9000 0.0000 11.8467 -1.0187 13.1513 -0.3905 0.4644 12.9843 -0.2736 0.2863 12.6769 -0.1503 0.2690
4.4000 13.2000 0.0000 12.4130 -0.3243 13.3589 -0.3998 0.4303 13.0742 -0.2730 0.3006 12.5629 -0.2870 0.6988
4.5000 13.5000 0.0000 12.4029 -1.3721 13.5443 -0.5044 0.5063 13.1235 -0.5069 0.6315 12.4740 -0.9315 1.3857
4.6000 13.8000 0.0000 14.5041 0.1042 13.9004 -0.4678 0.4784 13.6089 -0.3847 0.4296 13.5714 -0.5063 0.5555
4.7000 14.1000 0.0000 13.4372 -1.3189 14.1308 -0.5603 0.5611 13.7741 -0.5925 0.6762 13.6797 -0.9652 1.0527
4.8000 14.4000 0.0000 14.0607 -0.1776 14.3942 -0.5457 0.5457 14.0318 -0.5205 0.6376 14.0191 -0.6215 0.7289
4.9000 14.7000 0.0000 14.8791 -1.5189 14.7053 -0.6485 0.6486 14.4150 -0.7533 0.8054 14.6301 -1.1078 1.1100
5.0000 15.0000 0.0000 13.5185 1.5804 14.8725 -0.4771 0.4938 14.4234 -0.2664 0.6352 14.2125 0.2854 0.8376
5.1000 15.3000 0.0000 15.0668 -1.0967 15.1543 -0.5439 0.5631 14.7490 -0.4316 0.6999 14.7258 -0.2789 0.6383
5.2000 15.6000 0.0000 15.1326 0.4095 15.4177 -0.4791 0.5126 15.0257 -0.2437 0.6239 15.0661 0.1188 0.5470
5.3000 15.9000 0.0000 17.4376 -0.0247 15.8516 -0.4538 0.4564 15.7563 -0.1759 0.2271 16.4982 0.1219 0.6105
5.4000 16.2000 0.0000 15.2021 0.0730 16.0675 -0.4215 0.4418 15.8743 -0.0973 0.3399 16.1181 0.1457 0.1671
5.5000 16.5000 0.0000 17.3184 -0.0949 16.4380 -0.4044 0.4091 16.4179 -0.0687 0.1070 16.9128 0.0490 0.4157
5.6000 16.8000 0.0000 17.9748 0.3231 16.8342 -0.3536 0.3553 17.0117 0.0457 0.2166 17.7178 0.2040 0.9402
5.7000 17.1000 0.0000 17.3623 -0.2702 17.1513 -0.3535 0.3572 17.3641 0.0105 0.2644 17.7999 -0.0262 0.7004
5.8000 17.4000 0.0000 18.0175 0.5736 17.4962 -0.2850 0.3008 17.7838 0.1630 0.4170 18.1033 0.2809 0.7573
5.9000 17.7000 0.0000 17.0213 -0.4087 17.7347 -0.2986 0.3007 17.8952 0.0745 0.2089 17.6756 -0.0570 0.0620
6.0000 18.0000 0.0000 18.8113 1.1259 18.0955 -0.1887 0.2115 18.3555 0.3335 0.4874 18.3254 0.5574 0.6454
6.1000 18.3000 0.0000 18.5825 -0.7682 18.4112 -0.2348 0.2598 18.6752 0.1358 0.3990 18.5965 -0.0834 0.3080
6.2000 18.6000 0.0000 19.1842 1.6709 18.7500 -0.0854 0.1726 19.0551 0.4993 0.6755 19.0459 0.8198 0.9332
6.3000 18.9000 0.0000 19.5182 -0.3981 19.0897 -0.1062 0.2174 19.4283 0.3545 0.6362 19.4614 0.2735 0.6245
6.4000 19.2000 0.0000 20.2477 -0.9724 19.4612 -0.1715 0.3125 19.8833 0.0932 0.6896 20.0612 -0.4309 0.9630
6.5000 19.5000 0.0000 21.4457 -1.4949 19.8998 -0.2748 0.4851 20.5136 -0.2558 1.0454 21.0288 -1.1506 1.9133
6.6000 19.8000 0.0000 18.3029 -0.1253 20.0627 -0.2664 0.3741 20.3310 -0.2573 0.5901 19.8303 -0.7973 0.7979
6.7000 20.1000 0.0000 19.8679 -0.8908 20.3299 -0.3179 0.3923 20.4804 -0.4250 0.5704 19.8231 -0.9150 0.9560
6.8000 20.4000 0.0000 21.8724 0.6367 20.7310 -0.2483 0.4137 21.0253 -0.2287 0.6658 20.9289 -0.1251 0.5435
6.9000 20.7000 0.0000 21.7349 -0.5477 21.0935 -0.2734 0.4792 21.4420 -0.3153 0.8062 21.5532 -0.2563 0.8909
7.0000 21.0000 0.0000 21.5703 0.1099 21.4170 -0.2465 0.4844 21.7376 -0.2429 0.7766 21.7834 -0.0167 0.7836
7.1000 21.3000 0.0000 20.6322 -0.5712 21.6435 -0.2733 0.4389 21.7542 -0.3282 0.5604 21.3274 -0.2553 0.2568
7.2000 21.6000 0.0000 23.6435 -0.2641 22.0819 -0.2751 0.5549 22.4055 -0.3331 0.8716 22.6257 -0.2617 1.0585
7.3000 21.9000 0.0000 23.4105 -1.2211 22.4732 -0.3506 0.6719 22.8946 -0.5477 1.1354 23.3002 -0.7900 1.6077
7.4000 22.2000 0.0000 20.3630 -1.3008 22.6025 -0.4289 0.5882 22.6118 -0.7511 0.8565 21.9566 -1.1638 1.1890
7.5000 22.5000 0.0000 21.9871 1.5412 22.8401 -0.2852 0.4439 22.6902 -0.2926 0.3490 21.9022 0.1972 0.6295
7.6000 22.8000 0.0000 23.9032 -1.2969 23.2042 -0.3653 0.5448 23.1576 -0.5161 0.6279 22.9467 -0.4596 0.4824
7.7000 23.1000 0.0000 20.9256 0.0553 23.3137 -0.3381 0.4000 22.8799 -0.4109 0.4662 21.9882 -0.1923 1.1283
7.8000 23.4000 0.0000 25.0499 -0.1086 23.7243 -0.3244 0.4587 23.5264 -0.3526 0.3746 23.5920 -0.1088 0.2207
7.9000 23.7000 0.0000 24.6472 -0.2884 24.0764 -0.3249 0.4972 23.9821 -0.3404 0.4421 24.4049 -0.1698 0.7251
8.0000 24.0000 0.0000 22.6628 0.4484 24.2511 -0.2688 0.3678 23.9138 -0.1657 0.1868 23.7349 0.1817 0.3214
8.1000 24.2999 0.0059 25.7041 1.1225 24.6407 -0.1631 0.3804 24.5021 0.1372 0.2411 24.8729 0.7668 0.9525
8.2000 24.5994 0.0235 26.5024 0.6752 25.0648 -0.0960 0.4805 25.1706 0.3008 0.6349 26.0012 0.8612 1.6330
8.3000 24.8979 0.0530 25.7926 0.2895 25.4064 -0.0612 0.5212 25.5697 0.3527 0.7356 26.2277 0.6527 1.4588
8.4000 25.1951 0.0941 25.7622 -0.3022 25.7207 -0.0733 0.5516 25.8796 0.2597 0.7042 26.2208 0.1568 1.0277
8.5000 25.4904 0.1468 25.4869 1.8007 25.9900 0.0758 0.5046 26.0560 0.6393 0.7500 25.9693 0.9889 0.9688
8.6000 25.7834 0.2111 26.1391 0.5147 26.2871 0.1203 0.5118 26.3224 0.6809 0.7150 26.1109 0.8317 0.7017
8.7000 26.0737 0.2868 26.3996 0.7592 26.5809 0.1813 0.5181 26.5823 0.7631 0.6968 26.3238 0.8274 0.5957
8.8000 26.3607 0.3739 25.8195 -0.3917 26.8073 0.1513 0.4990 26.6504 0.5709 0.3503 26.1178 0.1797 0.3110
8.9000 26.6441 0.4722 27.5710 0.6025 27.1474 0.1980 0.5731 27.0696 0.6157 0.4490 26.9222 0.3112 0.3212
9.0000 26.9235 0.5815 28.6813 -0.8567 27.5477 0.1307 0.7700 27.6565 0.3257 0.7764 28.0322 -0.3679 1.4597
9.1000 27.1983 0.7017 26.7820 1.7596 27.7755 0.2658 0.7233 27.7191 0.6489 0.5235 27.6295 0.6567 0.4335
9.2000 27.4682 0.8326 28.3351 1.4227 28.1017 0.3693 0.7849 28.0871 0.8564 0.6193 28.1195 1.1688 0.7329
9.3000 27.7328 0.9741 28.1706 0.3560 28.3911 0.3864 0.8824 28.3435 0.7963 0.6361 28.2963 0.8689 0.5732
9.4000 27.9916 1.1257 29.4681 1.4272 28.7569 0.4841 0.9987 28.8266 0.9755 0.8484 29.0611 1.2120 1.0730
9.5000 28.2442 1.2875 28.0218 4.0356 28.9862 0.7768 0.9008 28.8986 1.7074 0.7775 28.6995 2.8435 1.6212
9.6000 28.4903 1.4590 29.1428 2.1189 29.2808 0.9103 0.9623 29.1794 1.9153 0.8264 29.0072 2.7820 1.4204
9.7000 28.7295 1.6401 27.7708 1.5641 29.4475 0.9949 0.9653 29.0916 1.9593 0.4828 28.4223 2.3090 0.7361
9.8000 28.9614 1.8304 30.2830 1.1488 29.7886 1.0429 1.1420 29.5452 1.8902 0.5868 29.3978 1.7094 0.4529
9.9000 29.1857 2.0296 30.1585 1.6988 30.0955 1.1297 1.2797 29.8907 1.9380 0.7110 29.9581 1.6213 0.8737
10.0000 29.4019 2.2375 30.1535 0.8149 30.3788 1.1440 1.4663 30.1658 1.7720 0.8946 30.2508 1.1131 1.4089
10.1000 29.6098 2.4538 32.7829 2.8468 30.8408 1.3116 1.6793 30.9641 2.0681 1.4081 31.8046 1.9349 2.2553
10.2000 29.8091 2.6780 31.0657 5.1169 31.1421 1.6447 1.6866 31.2537 2.8248 1.4521 31.7721 3.7449 2.2342
10.3000 29.9994 2.9099 30.1213 2.1805 31.3478 1.7383 1.7863 31.2637 2.8242 1.2673 31.0893 3.2429 1.1396
10.4000 30.1804 3.1491 30.5263 4.1536 31.5650 1.9770 1.8141 31.3297 3.2445 1.1532 30.7974 3.8728 0.9510
10.5000 30.3520 3.3952 28.6503 3.9863 31.6190 2.1912 1.7478 30.9415 3.5595 0.6120 29.5790 4.1251 1.0631
10.6000 30.5137 3.6478 30.2684 3.3796 31.7835 2.3481 1.8171 30.9355 3.6815 0.4231 29.7192 3.8767 0.8268
10.7000 30.6654 3.9066 31.2663 4.9587 32.0072 2.6170 1.8611 31.1341 4.1191 0.5146 30.4466 4.5251 0.6560
10.8000 30.8068 4.1712 32.2662 3.2130 32.2881 2.7389 2.0605 31.5145 4.0946 0.7119 31.4976 3.9525 0.7246
10.9000 30.9377 4.4411 30.0556 3.2736 32.3782 2.8575 2.1408 31.3398 4.0644 0.5510 30.9229 3.5700 0.8712
11.0000 31.0579 4.7160 31.1915 4.5141 32.5414 3.0632 2.2209 31.4207 4.2947 0.5559 31.1022 4.0148 0.7025
11.1000 31.1673 4.9953 31.0373 6.1775 32.6761 3.3848 2.2069 31.4430 4.8499 0.3117 31.1175 5.2342 0.2440
11.2000 31.2655 5.2787 29.5948 4.6090 32.6852 3.5703 2.2213 31.1282 4.9698 0.3381 30.3161 5.1247 0.9618
11.3000 31.3526 5.5658 32.1841 6.4521 32.8822 3.8858 2.2720 31.4164 5.4628 0.1211 31.2214 5.9767 0.4314
11.4000 31.4284 5.8560 31.3740 6.8918 33.0002 4.2186 2.2698 31.4818 5.9715 0.1273 31.3903 6.7036 0.8484
11.5000 31.4926 6.1491 31.7513 3.9453 33.1330 4.3087 2.4653 31.6135 5.7377 0.4288 31.6700 5.4555 0.7159
11.6000 31.5454 6.4444 32.7028 5.6608 33.3242 4.5220 2.6191 31.9314 5.8873 0.6778 32.3355 5.5121 1.2220
11.7000 31.5865 6.7415 31.4862 5.8149 33.4058 4.7342 2.7091 31.9296 6.0315 0.7885 32.0466 5.6538 1.1810
11.8000 31.6159 7.0401 30.7087 7.0488 33.4160 5.0279 2.6998 31.7429 6.4121 0.6407 31.3707 6.4289 0.6586
11.9000 31.6335 7.3395 29.4423 8.4848 33.3202 5.4150 2.5590 31.2873 7.0450 0.4545 30.2302 7.6981 1.4484
12.0000 31.6394 7.6394 30.0773 8.2630 33.2686 5.7650 2.4835 31.0228 7.5281 0.6266 29.8962 8.3167 1.8702
12.1000 31.6394 7.9394 32.6539 6.1063 33.4082 5.9308 2.6765 31.3636 7.4447 0.5664 31.1972 7.4015 0.6963
12.2000 31.6394 8.2394 31.3438 7.1889 33.4347 6.1672 2.7418 31.3733 7.5832 0.7081 31.3755 7.3070 0.9691
12.3000 31.6394 8.5394 31.2226 6.6290 33.4436 6.3459 2.8402 31.3531 7.5554 1.0248 31.3827 6.9321 1.6277
12.4000 31.6394 8.8394 29.0021 10.1618 33.2752 6.7819 2.6285 30.8400 8.2936 0.9680 30.1340 8.6363 1.5191
12.5000 31.6394 9.1394 32.4016 10.2769 33.3667 7.2036 2.5944 31.1457 8.9452 0.5306 31.1945 9.7929 0.7906
12.6000 31.6394 9.4394 32.0687 9.9731 33.4228 7.5792 2.5769 31.3443 9.4216 0.2956 31.7471 10.2513 0.8190
12.7000 31.6394 9.7394 32.3544 10.1382 33.4923 7.9460 2.5787 31.5826 9.8441 0.1191 32.2217 10.4897 0.9497
12.8000 31.6394 10.0394 32.1505 9.8573 33.5375 8.2699 2.5949 31.7440 10.1184 0.1311 32.3523 10.3686 0.7852
12.9000 31.6394 10.3394 33.6013 8.8828 33.6859 8.4994 2.7521 32.2035 10.1078 0.6098 33.1642 9.6707 1.6649
13.0000 31.6394 10.6394 32.5464 9.1147 33.7421 8.7302 2.8401 32.3652 10.1169 0.8943 33.0450 9.3154 1.9309
13.1000 31.6394 10.9394 31.0494 11.7371 33.6759 9.1450 2.7142 32.1632 10.6792 0.5848 32.0641 10.5508 0.5756
13.2000 31.6394 11.2394 31.5881 10.0120 33.6479 9.4041 2.7207 32.0948 10.7623 0.6595 31.7011 10.4144 0.8273
13.3000 31.6394 11.5394 31.5817 12.4070 33.6154 9.8284 2.6138 32.0260 11.3386 0.4356 31.5097 11.5810 0.1362
13.4000 31.6394 11.8394 31.2013 11.8036 33.5500 10.1819 2.5294 31.8756 11.6824 0.2836 31.2300 11.9523 0.4247
13.5000 31.6394 12.1394 31.8139 11.4129 33.5294 10.4834 2.5128 31.8760 11.8662 0.3614 31.4336 11.8739 0.3359
13.6000 31.6394 12.4394 30.1603 11.4026 33.3787 10.7640 2.4150 31.5069 11.9942 0.4645 30.6993 11.7350 1.1748
13.7000 31.6394 12.7394 30.6285 12.2528 33.2655 11.0900 2.3162 31.2865 12.2664 0.5902 30.5101 12.0680 1.3139
13.8000 31.6394 13.0394 29.5688 12.4718 33.0720 11.4114 2.1686 30.8611 12.5263 0.9323 29.8685 12.3777 1.8905
13.9000 31.6394 13.3394 32.3759 14.3126 33.0972 11.8521 2.0826 31.1184 13.1362 0.5593 31.0550 13.5473 0.6203
14.0000 31.6394 13.6394 31.6508 13.4551 33.0629 12.2011 2.0236 31.1923 13.4526 0.4846 31.4735 13.7676 0.2096
14.1000 31.6394 13.9394 30.3585 14.8394 32.9281 12.6330 1.8350 30.9752 14.0066 0.6676 30.9913 14.5599 0.8973
14.2000 31.6394 14.2394 31.6582 14.2872 32.8952 12.9964 1.7669 31.0782 14.3378 0.5698 31.3521 14.6742 0.5211
14.3000 31.6394 14.5394 33.0999 14.6654 32.9712 13.3649 1.7757 31.4951 14.6780 0.2001 32.3708 14.8510 0.7950
14.4000 31.6394 14.8394 30.4821 15.0996 32.8417 13.7423 1.6276 31.2819 15.0388 0.4094 31.5497 15.1295 0.3037
14.5000 31.6394 15.1394 30.9168 12.5613 32.7482 13.9010 1.6622 31.1905 14.7567 0.5900 31.1906 13.8566 1.3591
14.6000 31.6394 15.4394 31.0569 15.8365 32.6669 14.2938 1.5389 31.1429 15.2043 0.5494 31.0472 14.8032 0.8692
14.7000 31.6394 15.7394 32.2845 17.5236 32.6808 14.7903 1.4090 31.3765 15.9452 0.3339 31.6579 16.3756 0.6364
14.8000 31.6394 16.0394 31.8388 16.5978 32.6584 15.1863 1.3289 31.4843 16.3595 0.3556 31.8222 16.8216 0.8032
14.9000 31.6394 16.3394 32.2834 14.2552 32.6692 15.3773 1.4093 31.6769 16.1674 0.1761 32.1438 15.6904 0.8220
15.0000 31.6394 16.6394 32.4707 17.0829 32.6923 15.7664 1.3677 31.8853 16.5934 0.2501 32.4214 16.4258 0.8106
15.1000 31.6394 16.9394 32.0346 16.2308 32.6797 16.0647 1.3591 31.9667 16.7490 0.3786 32.3180 16.4300 0.8485
15.2000 31.6394 17.2394 32.3018 15.5971 32.6864 16.2922 1.4119 32.0912 16.7145 0.6926 32.3576 16.0420 1.3963
15.3000 31.6394 17.5394 30.4008 17.6572 32.5462 16.6577 1.2648 31.7713 17.1147 0.4448 31.3209 16.9023 0.7123
15.4000 31.6394 17.8394 31.7785 19.2036 32.5154 17.1165 1.1358 31.7906 17.7848 0.1607 31.4131 18.2993 0.5126
15.5000 31.6394 18.1394 32.0013 19.7462 32.5019 17.5880 1.0236 31.8548 18.4662 0.3913 31.6545 19.4198 1.2805
15.6000 31.6394 18.4394 32.0608 18.8620 32.4924 17.9625 0.9772 31.9221 18.8351 0.4863 31.8699 19.5101 1.0952
15.7000 31.6394 18.7394 31.3330 16.0884 32.4266 18.0990 1.0148 31.8164 18.5060 0.2929 31.6084 17.8917 0.8483
15.8000 31.6394 19.0394 30.8102 19.8544 32.3226 18.5069 0.8662 31.6045 19.0201 0.0399 31.1451 18.8436 0.5317
15.9000 31.6394 19.3394 31.0978 18.7280 32.2440 18.8016 0.8091 31.4816 19.1927 0.2156 31.0225 18.8703 0.7750
16.0000 31.6394 19.6394 32.3592 18.5842 32.2643 19.0626 0.8504 31.6557 19.2819 0.3579 31.6751 18.7732 0.8669
16.1000 31.6394 19.9394 32.3876 18.9443 32.2855 19.3297 0.8884 31.8171 19.4120 0.5566 32.1307 18.8868 1.1616
16.2000 31.6394 20.2394 31.6034 19.8756 32.2454 19.6463 0.8479 31.7841 19.7071 0.5516 31.9608 19.4611 0.8421
16.3000 31.6394 20.5394 31.0249 18.8820 32.1622 19.8636 0.8545 31.6248 19.7204 0.8192 31.4908 19.2635 1.2846
16.4000 31.6394 20.8394 31.4946 20.7374 32.1179 20.2030 0.7962 31.5886 20.1199 0.7213 31.4373 20.1109 0.7561
16.5000 31.6394 21.1394 30.6237 23.1925 32.0084 20.7058 0.5694 31.3642 20.9937 0.3114 30.9476 21.9733 1.0835
16.6000 31.6394 21.4394 31.4986 21.9124 31.9700 21.0799 0.4884 31.3636 21.4499 0.2761 31.1376 22.3710 1.0582
16.7000 31.6394 21.7394 32.7699 22.2055 32.0303 21.4503 0.4862 31.6495 21.8827 0.1437 31.9974 22.6139 0.9449
16.8000 31.6394 22.0394 32.2741 22.3761 32.0504 21.8078 0.4717 31.7929 22.2663 0.2739 32.2778 22.7304 0.9407
16.9000 31.6394 22.3394 31.2502 22.0967 31.9913 22.1183 0.4156 31.6901 22.5054 0.1736 31.8419 22.5544 0.2953
17.0000 31.6394 22.6394 31.9272 24.2692 31.9862 22.5710 0.3534 31.7485 23.1631 0.5349 31.8908 23.5694 0.9633
17.1000 31.6394 22.9394 31.9526 23.5835 31.9833 22.9419 0.3438 31.8045 23.5529 0.6353 31.9345 23.8002 0.9099
17.2000 31.6394 23.2394 30.6135 23.4921 31.8781 23.2794 0.2420 31.5545 23.8365 0.6031 31.2236 23.8082 0.7046
17.3000 31.6394 23.5394 33.8375 23.1222 32.0236 23.5635 0.3849 32.0506 23.9653 0.5920 32.5414 23.5417 0.9020
17.4000 31.6394 23.8394 32.0094 24.6823 32.0237 23.9437 0.3982 32.0798 24.3888 0.7041 32.4090 24.1881 0.8449
17.5000 31.6394 24.1394 31.1066 22.9735 31.9548 24.1666 0.3165 31.8998 24.3463 0.3325 31.7691 23.6475 0.5087
17.6000 31.6394 24.4394 31.9998 22.7698 31.9568 24.3531 0.3289 31.9363 24.2297 0.3635 31.8294 23.1486 1.3048
17.7000 31.6394 24.7394 29.4925 24.6766 31.7672 24.6664 0.1471 31.4090 24.5223 0.3166 30.5175 23.8887 1.4080
17.8000 31.6394 25.0394 33.0440 25.5200 31.8566 25.0203 0.2180 31.7351 24.9417 0.1368 31.6555 24.8530 0.1872
17.9000 31.6394 25.3394 33.3511 25.5521 31.9663 25.3510 0.3270 32.0935 25.2911 0.4567 32.6328 25.4476 0.9992
18.0000 31.6394 25.6394 30.7341 27.0838 31.8717 25.7742 0.2685 31.8254 25.9107 0.3289 31.7911 26.5784 0.9512
18.1000 31.6394 25.9394 32.7208 24.6681 31.9328 25.9843 0.2968 32.0282 25.8880 0.3922 32.2763 25.8713 0.6405
18.2000 31.6394 26.2394 31.4489 25.6361 31.8944 26.2484 0.2551 31.9225 26.0517 0.3396 31.8921 25.8273 0.4834
18.3000 31.6394 26.5394 30.7070 26.5314 31.8008 26.5588 0.1625 31.6620 26.3664 0.1745 31.2175 26.2579 0.5072
18.4000 31.6394 26.8394 32.9657 24.7293 31.8838 26.7077 0.2776 31.9351 26.2150 0.6909 32.0435 25.5219 1.3780
18.5000 31.6394 27.1394 31.1619 25.8415 31.8258 26.9242 0.2846 31.7751 26.3032 0.8472 31.6229 25.6313 1.5082
18.6000 31.6394 27.4394 32.2821 26.5730 31.8558 27.1768 0.3403 31.8827 26.5215 0.9496 31.9495 26.1266 1.3490
18.7000 31.6394 27.7394 30.8877 26.5449 31.7782 27.4061 0.3611 31.6674 26.6865 1.0533 31.4028 26.4296 1.3310
18.8000 31.6394 28.0394 30.3702 26.7326 31.6644 27.6296 0.4106 31.3632 26.8526 1.2186 30.7626 26.6939 1.6060
18.9000 31.6394 28.3394 31.6280 28.5847 31.6514 27.9749 0.3647 31.3786 27.3902 0.9844 31.0802 27.8374 0.7516
19.0000 31.6394 28.6394 33.2925 27.1289 31.7666 28.1843 0.4725 31.7677 27.5179 1.1288 32.2529 27.7139 1.1104
19.1000 31.6394 28.9394 29.6829 29.7941 31.6017 28.5783 0.3631 31.3101 28.1990 0.8104 31.0234 28.9958 0.6186
19.2000 31.6394 29.2394 31.9262 30.4967 31.6151 28.9996 0.2411 31.4078 28.9293 0.3871 31.4139 30.1295 0.9182
19.3000 31.6394 29.5394 32.1118 30.1673 31.6425 29.3680 0.1715 31.5394 29.4677 0.1231 31.8009 30.5387 1.0122
19.4000 31.6394 29.8394 29.6380 29.6344 31.4802 29.6700 0.2325 31.1077 29.7874 0.5343 30.6847 30.3522 1.0837
19.5000 31.6394 30.1394 29.5032 31.3533 31.3144 30.0801 0.3304 30.7010 30.4140 0.9778 29.8845 31.0584 1.9810
19.6000 31.6394 30.4394 31.7396 28.9000 31.3267 30.2752 0.3532 30.8486 30.3819 0.7929 30.6689 30.0941 1.0302
19.7000 31.6394 30.7394 32.0797 29.8517 31.3654 30.5240 0.3486 31.0639 30.5273 0.6134 31.4371 29.9271 0.8372
19.8000 31.6394 31.0394 31.1558 31.7443 31.3326 30.8964 0.3385 31.0542 31.0423 0.5853 31.4137 30.8738 0.2800
19.9000 31.6394 31.3394 31.3914 28.9719 31.3198 31.0310 0.4442 31.1018 30.8459 0.7298 31.4775 29.9654 1.3835
20.0000 31.6394 31.6394 31.9718 33.1585 31.3526 31.4691 0.3336 31.2760 31.5718 0.3696 31.8064 31.6407 0.1670
