t x y vx vy ax ay ox oy sep err
0.0000 0.0000 0.0000 1.0000 0.0000 0.0000 0.0000 4.5000 -3.0000 5.4083 0.0000
0.1000 0.1000 0.0000 1.0000 0.0000 0.0000 0.0000 4.5000 -2.9200 5.2808 0.0000
0.2000 0.2000 0.0000 1.0000 0.0000 0.0000 0.0000 4.5000 -2.8400 5.1532 0.0000
0.3000 0.3000 0.0000 1.0000 0.0000 0.0000 0.0000 4.5000 -2.7600 5.0257 0.0000
0.4000 0.4000 0.0000 1.0000 0.0000 -0.0000 0.0000 4.5000 -2.6800 4.8982 0.0000
0.5000 0.5000 0.0000 1.0000 0.0000 0.0000 0.0000 4.5000 -2.6000 4.7707 0.0000
0.6000 0.6000 0.0000 1.0000 0.0000 0.0000 0.0000 4.5000 -2.5200 4.6433 0.0000
0.7000 0.7000 0.0000 1.0000 0.0000 0.0000 0.0000 4.5000 -2.4400 4.5159 0.0000
0.8000 0.8000 0.0000 1.0000 0.0000 0.0000 0.0000 4.5000 -2.3600 4.3886 0.0000
0.9000 0.9000 0.0000 1.0000 0.0000 0.0000 0.0000 4.5000 -2.2800 4.2613 0.0000
1.0000 1.0000 0.0000 1.0000 0.0000 0.0000 0.0000 4.5000 -2.2000 4.1340 0.0000
1.1000 1.1000 0.0000 1.0000 0.0000 0.0000 0.0000 4.5000 -2.1200 4.0068 0.0000
1.2000 1.2000 0.0000 1.0000 0.0000 0.0000 0.0000 4.5000 -2.0400 3.8796 0.0000
1.3000 1.3000 0.0000 1.0000 0.0000 -0.0000 0.0000 4.5000 -1.9600 3.7525 0.0000
1.4000 1.4000 0.0000 1.0000 0.0000 0.0000 0.0000 4.5000 -1.8800 3.6255 0.0000
1.5000 1.5000 0.0000 1.0000 0.0000 -0.0000 0.0000 4.5000 -1.8000 3.4986 0.0000
1.6000 1.6000 0.0000 1.0000 0.0000 -0.0000 0.0000 4.5000 -1.7200 3.3717 0.0000
1.7000 1.7000 0.0000 1.0000 0.0000 -0.0000 0.0000 4.5000 -1.6400 3.2449 0.0000
1.8000 1.8000 0.0000 1.0000 0.0000 -0.0000 0.0000 4.5000 -1.5600 3.1183 0.0000
1.9000 1.9000 0.0000 1.0000 0.0000 -0.0000 0.0000 4.5000 -1.4800 2.9917 0.0000
2.0000 2.0000 0.0000 1.0000 0.0000 -0.0000 0.0000 4.5000 -1.4000 2.8653 0.0000
2.1000 2.1000 0.0000 1.0000 0.0000 -0.1765 0.0235 4.5000 -1.3200 2.7391 0.0000
2.2000 2.1991 0.0001 0.9823 0.0024 -0.3337 0.0160 4.5000 -1.2400 2.6138 0.0009
2.3000 2.2957 0.0004 0.9490 0.0040 -0.4264 -0.0290 4.5000 -1.1600 2.4911 0.0043
2.4000 2.3884 0.0007 0.9063 0.0011 -0.4555 -0.1083 4.5000 -1.0800 2.3720 0.0116
2.5000 2.4768 0.0002 0.8608 -0.0098 -0.4162 -0.2143 4.5000 -1.0000 2.2569 0.0232
2.6000 2.5608 -0.0018 0.8192 -0.0312 -0.2998 -0.3293 4.5000 -0.9200 2.1456 0.0392
2.7000 2.6412 -0.0066 0.7892 -0.0641 -0.1033 -0.4189 4.5000 -0.8400 2.0371 0.0591
2.8000 2.7196 -0.0151 0.7789 -0.1060 0.0494 -0.4510 4.5000 -0.7600 1.9299 0.0818
2.9000 2.7978 -0.0279 0.7838 -0.1511 0.0197 -0.4756 4.5000 -0.6800 1.8229 0.1060
3.0000 2.8762 -0.0454 0.7858 -0.1987 -0.0165 -0.4465 4.5000 -0.6000 1.7159 0.1318
3.1000 2.9547 -0.0675 0.7841 -0.2433 -0.0457 -0.3956 4.5000 -0.5200 1.6102 0.1602
3.2000 3.0329 -0.0938 0.7795 -0.2829 -0.0621 -0.3338 4.5000 -0.4400 1.5074 0.1916
3.3000 3.1106 -0.1238 0.7733 -0.3163 -0.0620 -0.2625 4.5000 -0.3600 1.4094 0.2263
3.4000 3.1876 -0.1567 0.7671 -0.3425 -0.0425 -0.1793 4.5000 -0.2800 1.3182 0.2640
3.5000 3.2641 -0.1919 0.7629 -0.3605 -0.0012 -0.0803 4.5000 -0.2000 1.2359 0.3041
3.6000 3.3404 -0.2283 0.7628 -0.3685 0.0649 0.0389 4.5000 -0.1200 1.1647 0.3458
3.7000 3.4170 -0.2650 0.7693 -0.3646 0.1588 0.1831 4.5000 -0.0400 1.1062 0.3877
3.8000 3.4947 -0.3005 0.7851 -0.3463 0.2837 0.3575 4.5000 0.0400 1.0614 0.4284
3.9000 3.5746 -0.3334 0.8135 -0.3105 0.4429 0.5672 4.5000 0.1200 1.0305 0.4658
4.0000 3.6582 -0.3616 0.8578 -0.2538 0.6400 0.8173 4.5000 0.2000 1.0119 0.4976
4.1000 3.7472 -0.3829 0.9218 -0.1721 0.8782 1.1127 4.5000 0.2800 1.0031 0.5207
4.2000 3.8437 -0.3945 1.0096 -0.0608 0.9202 1.1818 4.5000 0.3600 1.0000 0.5316
4.3000 3.9493 -0.3947 1.1016 0.0574 0.7140 0.9464 4.5000 0.4400 1.0000 0.5280
4.4000 4.0630 -0.3842 1.1730 0.1520 0.4970 0.6802 4.5000 0.5200 1.0043 0.5111
4.5000 4.1828 -0.3656 1.2227 0.2200 0.3177 0.4583 4.5000 0.6000 1.0164 0.4840
4.6000 4.3067 -0.3413 1.2545 0.2659 0.1721 0.2762 4.5000 0.6800 1.0395 0.4501
4.7000 4.4330 -0.3134 1.2717 0.2935 0.0563 0.1297 4.5000 0.7600 1.0755 0.4117
4.8000 4.5604 -0.2834 1.2773 0.3064 -0.0336 0.0143 4.5000 0.8400 1.1250 0.3711
4.9000 4.6880 -0.2526 1.2740 0.3079 -0.1014 -0.0741 4.5000 0.9200 1.1876 0.3298
5.0000 4.8149 -0.2222 1.2638 0.3005 -0.1502 -0.1396 4.5000 1.0000 1.2621 0.2892
5.1000 4.9405 -0.1929 1.2488 0.2865 -0.1834 -0.1856 4.5000 1.0800 1.3470 0.2503
5.2000 5.0645 -0.1652 1.2305 0.2680 -0.2036 -0.2157 4.5000 1.1600 1.4404 0.2136
5.3000 5.1865 -0.1394 1.2101 0.2464 -0.2134 -0.2326 4.5000 1.2400 1.5408 0.1798
5.4000 5.3065 -0.1160 1.1888 0.2231 -0.2150 -0.2391 4.5000 1.3200 1.6469 0.1490
5.5000 5.4243 -0.0949 1.1673 0.1992 -0.2102 -0.2375 4.5000 1.4000 1.7575 0.1214
5.6000 5.5399 -0.0761 1.1463 0.1755 -0.2008 -0.2297 4.5000 1.4800 1.8716 0.0970
5.7000 5.6536 -0.0597 1.1262 0.1525 -0.1881 -0.2174 4.5000 1.5600 1.9885 0.0757
5.8000 5.7652 -0.0456 1.1074 0.1307 -0.1732 -0.2020 4.5000 1.6400 2.1076 0.0573
5.9000 5.8751 -0.0335 1.0900 0.1105 -0.1570 -0.1847 4.5000 1.7200 2.2284 0.0417
6.0000 5.9833 -0.0234 1.0743 0.0921 -0.1404 -0.1664 4.5000 1.8000 2.3505 0.0287
6.1000 6.0901 -0.0150 1.0603 0.0754 -0.1238 -0.1478 4.5000 1.8800 2.4737 0.0180
6.2000 6.1955 -0.0082 1.0479 0.0607 -0.1077 -0.1295 4.5000 1.9600 2.5978 0.0094
6.3000 6.2997 -0.0028 1.0372 0.0477 -0.0924 -0.1120 4.5000 2.0400 2.7225 0.0028
6.4000 6.4030 0.0014 1.0279 0.0365 -0.0782 -0.0956 4.5000 2.1200 2.8477 0.0033
6.5000 6.5054 0.0046 1.0201 0.0270 -0.0653 -0.0804 4.5000 2.2000 2.9734 0.0071
6.6000 6.6071 0.0069 1.0136 0.0189 -0.0535 -0.0665 4.5000 2.2800 3.0995 0.0099
6.7000 6.7082 0.0085 1.0082 0.0123 -0.0431 -0.0542 4.5000 2.3600 3.2258 0.0118
6.8000 6.8088 0.0094 1.0039 0.0068 -0.0340 -0.0432 4.5000 2.4400 3.3523 0.0129
6.9000 6.9090 0.0099 1.0005 0.0025 -0.0261 -0.0337 4.5000 2.5200 3.4790 0.0134
7.0000 7.0089 0.0100 0.9979 -0.0008 -0.0193 -0.0255 4.5000 2.6000 3.6059 0.0134
7.1000 7.1086 0.0098 0.9960 -0.0034 -0.0136 -0.0185 4.5000 2.6800 3.7329 0.0130
7.2000 7.2081 0.0093 0.9946 -0.0052 -0.0089 -0.0127 4.5000 2.7600 3.8601 0.0124
7.3000 7.3075 0.0088 0.9937 -0.0065 -0.0051 -0.0079 4.5000 2.8400 3.9873 0.0116
7.4000 7.4069 0.0081 0.9932 -0.0073 -0.0020 -0.0040 4.5000 2.9200 4.1145 0.0106
7.5000 7.5062 0.0073 0.9930 -0.0077 0.0004 -0.0009 4.5000 3.0000 4.2419 0.0096
7.6000 7.6055 0.0065 0.9931 -0.0078 0.0022 0.0014 4.5000 3.0800 4.3692 0.0085
7.7000 7.7048 0.0058 0.9933 -0.0076 0.0036 0.0032 4.5000 3.1600 4.4967 0.0075
7.8000 7.8042 0.0050 0.9936 -0.0073 0.0045 0.0045 4.5000 3.2400 4.6241 0.0065
7.9000 7.9035 0.0043 0.9941 -0.0069 0.0051 0.0053 4.5000 3.3200 4.7516 0.0056
