t a1 a2 a3 a4 a5 a6 b1 b2 b3 b4 b5 b6 disa disb bnda bndb
0.00000 12.00000 3.00000 9.00000 1.00000 6.00000 11.00000 12.00000 3.00000 9.00000 1.00000 6.00000 11.00000 9.89949 9.89949 9.89949 9.89949
0.05000 11.57846 3.68746 8.36592 1.60286 6.00900 10.75630 11.42864 3.60232 8.39684 2.11937 6.13509 10.31773 8.83300 8.28759 9.76775 9.32934
0.10000 11.20819 4.26346 7.84871 2.12190 6.03245 10.52530 10.91354 4.11801 7.95447 3.01511 6.24504 9.75382 7.94214 6.96890 9.63776 8.79202
0.15000 10.88170 4.74592 7.42875 2.57072 6.06594 10.30697 10.45215 4.55893 7.63260 3.73425 6.33556 9.28651 7.19439 5.88311 9.50950 8.28565
0.20000 10.59268 5.14990 7.08964 2.96064 6.10604 10.10110 10.04101 4.93546 7.40072 4.31356 6.41095 8.89829 6.56283 4.98379 9.38295 7.80844
0.25000 10.33579 5.48802 6.81771 3.30100 6.15015 9.90733 9.67621 5.25663 7.23577 4.78183 6.47447 8.57509 6.02530 4.23490 9.25808 7.35872
0.30000 10.10652 5.77088 6.60153 3.59958 6.19628 9.72522 9.35363 5.53028 7.12033 5.16168 6.52859 8.30549 5.56378 3.60834 9.13487 6.93489
0.35000 9.90106 6.00736 6.43155 3.86282 6.24295 9.55426 9.06920 5.76321 7.04129 5.47087 6.57519 8.08024 5.16371 3.08197 9.01330 6.53548
0.40000 9.71616 6.20494 6.29982 4.09609 6.28909 9.39390 8.81896 5.96127 6.98883 5.72346 6.61569 7.89178 4.81340 2.63823 8.89335 6.15907
0.45000 9.54910 6.36988 6.19967 4.30385 6.33392 9.24359 8.59922 6.12951 6.95559 5.93053 6.65121 7.73394 4.50356 2.26304 8.77500 5.80434
0.50000 9.39753 6.50744 6.12557 4.48981 6.37691 9.10275 8.40653 6.27229 6.93608 6.10088 6.68259 7.60164 4.22685 1.94503 8.65822 5.47005
0.55000 9.25948 6.62205 6.07288 4.65707 6.41770 8.97082 8.23775 6.39332 6.92623 6.24151 6.71049 7.49070 3.97746 1.67494 8.54300 5.15500
0.60000 9.13327 6.71740 6.03773 4.80824 6.45611 8.84726 8.09004 6.49582 6.92304 6.35800 6.73544 7.39765 3.75082 1.44519 8.42930 4.85810
0.65000 9.01745 6.79662 6.01692 4.94547 6.49201 8.73153 7.96083 6.58253 6.92432 6.45483 6.75785 7.31964 3.54334 1.24949 8.31713 4.57830
0.70000 8.91081 6.86231 6.00774 5.07059 6.52541 8.62314 7.84784 6.65579 6.92847 6.53557 6.77806 7.25427 3.35218 1.08260 8.20644 4.31462
0.75000 8.81228 6.91668 6.00798 5.18514 6.55633 8.52160 7.74905 6.71760 6.93434 6.60312 6.79635 7.19954 3.17510 0.94018 8.09723 4.06612
0.80000 8.72097 6.96156 6.01577 5.29039 6.58485 8.42647 7.66266 6.76968 6.94112 6.65981 6.81293 7.15380 3.01029 0.81855 7.98947 3.83193
0.85000 8.63610 6.99851 6.02955 5.38745 6.61108 8.33730 7.58711 6.81350 6.94825 6.70752 6.82800 7.11563 2.85631 0.71460 7.88314 3.61123
0.90000 8.55700 7.02882 6.04806 5.47725 6.63515 8.25371 7.52099 6.85030 6.95533 6.74780 6.84172 7.08386 2.71200 0.62572 7.77824 3.40325
0.95000 8.48310 7.05358 6.07023 5.56057 6.65719 8.17533 7.46309 6.88115 6.96213 6.78190 6.85422 7.05751 2.57640 0.54967 7.67472 3.20724
1.00000 8.41390 7.07372 6.09517 5.63809 6.67735 8.10179 7.41237 6.90695 6.96848 6.81085 6.86564 7.03572 2.44870 0.48457 7.57259 3.02252
1.05000 8.34895 7.08998 6.12215 5.71038 6.69576 8.03278 7.36788 6.92847 6.97430 6.83549 6.87607 7.01779 2.32824 0.42877 7.47181 2.84844
1.10000 8.28788 7.10303 6.15059 5.77795 6.71256 7.96799 7.32882 6.94638 6.97954 6.85653 6.88561 7.00313 2.21445 0.38091 7.37237 2.68438
1.15000 8.23036 7.11339 6.17999 5.84124 6.72788 7.90714 7.29449 6.96122 6.98421 6.87452 6.89433 6.99122 2.10683 0.33980 7.27426 2.52978
1.20000 8.17609 7.12152 6.20994 5.90061 6.74186 7.84998 7.26427 6.97348 6.98832 6.88996 6.90233 6.98164 2.00497 0.30441 7.17745 2.38408
1.25000 8.12482 7.12780 6.24011 5.95640 6.75461 7.79625 7.23765 6.98356 6.99190 6.90324 6.90965 6.97401 1.90849 0.27389 7.08194 2.24677
1.30000 8.07632 7.13255 6.27025 6.00889 6.76624 7.74574 7.21415 6.99179 6.99498 6.91468 6.91637 6.96803 1.81704 0.24748 6.98769 2.11736
1.35000 8.03038 7.13603 6.30014 6.05835 6.77686 7.69824 7.19337 6.99849 6.99762 6.92457 6.92253 6.96343 1.73032 0.22457 6.89470 1.99542
1.40000 7.98683 7.13846 6.32961 6.10500 6.78656 7.65354 7.17497 7.00388 6.99985 6.93313 6.92818 6.95999 1.64807 0.20460 6.80294 1.88049
1.45000 7.94549 7.14004 6.35853 6.14903 6.79543 7.61148 7.15866 7.00818 7.00171 6.94056 6.93338 6.95751 1.57002 0.18713 6.71241 1.77218
1.50000 7.90623 7.14091 6.38678 6.19064 6.80355 7.57188 7.14415 7.01157 7.00325 6.94703 6.93816 6.95583 1.49595 0.17177 6.62308 1.67012
1.55000 7.86892 7.14120 6.41430 6.22999 6.81099 7.53460 7.13124 7.01420 7.00451 6.95267 6.94256 6.95482 1.42563 0.15820 6.53494 1.57393
1.60000 7.83342 7.14102 6.44103 6.26722 6.81783 7.49948 7.11971 7.01619 7.00553 6.95761 6.94660 6.95435 1.35888 0.14614 6.44797 1.48328
1.65000 7.79964 7.14047 6.46691 6.30247 6.82412 7.46639 7.10941 7.01766 7.00633 6.96193 6.95033 6.95434 1.29551 0.13537 6.36216 1.39785
1.70000 7.76747 7.13961 6.49193 6.33587 6.82991 7.43521 7.10018 7.01869 7.00694 6.96573 6.95377 6.95469 1.23533 0.12570 6.27749 1.31734
1.75000 7.73683 7.13850 6.51607 6.36752 6.83526 7.40582 7.09190 7.01936 7.00740 6.96907 6.95695 6.95533 1.17820 0.11697 6.19395 1.24147
1.80000 7.70762 7.13721 6.53932 6.39753 6.84021 7.37812 7.08445 7.01974 7.00772 6.97202 6.95988 6.95620 1.12394 0.10905 6.11152 1.16997
1.85000 7.67976 7.13577 6.56168 6.42600 6.84480 7.35200 7.07773 7.01988 7.00792 6.97463 6.96258 6.95726 1.07243 0.10183 6.03019 1.10258
1.90000 7.65319 7.13421 6.58316 6.45301 6.84906 7.32737 7.07165 7.01982 7.00803 6.97695 6.96509 6.95846 1.02351 0.09522 5.94993 1.03908
1.95000 7.62784 7.13257 6.60377 6.47864 6.85303 7.30414 7.06616 7.01960 7.00807 6.97900 6.96741 6.95976 0.97707 0.08915 5.87075 0.97924
2.00000 7.60364 7.13087 6.62353 6.50298 6.85674 7.28223 7.06117 7.01927 7.00803 6.98084 6.96955 6.96114 0.93298 0.08356 5.79262 0.92284
2.05000 7.58054 7.12912 6.64246 6.52610 6.86021 7.26157 7.05664 7.01884 7.00794 6.98248 6.97155 6.96257 0.89111 0.07838 5.71553 0.86969
2.10000 7.55848 7.12735 6.66057 6.54805 6.86347 7.24207 7.05250 7.01833 7.00781 6.98394 6.97339 6.96402 0.85137 0.07358 5.63947 0.81960
2.15000 7.53741 7.12556 6.67789 6.56891 6.86654 7.22368 7.04873 7.01777 7.00764 6.98526 6.97511 6.96549 0.81364 0.06911 5.56442 0.77239
2.20000 7.51728 7.12377 6.69445 6.58873 6.86943 7.20634 7.04529 7.01717 7.00744 6.98645 6.97670 6.96696 0.77784 0.06496 5.49037 0.72791
2.25000 7.49805 7.12198 6.71026 6.60757 6.87216 7.18997 7.04213 7.01654 7.00722 6.98751 6.97819 6.96841 0.74385 0.06107 5.41730 0.68598
2.30000 7.47966 7.12021 6.72536 6.62548 6.87476 7.17454 7.03923 7.01590 7.00699 6.98848 6.97956 6.96984 0.71160 0.05745 5.34521 0.64647
2.35000 7.46209 7.11844 6.73977 6.64250 6.87722 7.15998 7.03656 7.01524 7.00675 6.98936 6.98085 6.97124 0.68099 0.05405 5.27407 0.60924
2.40000 7.44529 7.11670 6.75351 6.65869 6.87956 7.14625 7.03411 7.01459 7.00649 6.99015 6.98205 6.97261 0.65195 0.05087 5.20389 0.57415
2.45000 7.42922 7.11498 6.76661 6.67409 6.88180 7.13330 7.03184 7.01394 7.00624 6.99087 6.98316 6.97394 0.62440 0.04789 5.13463 0.54108
2.50000 7.41385 7.11329 6.77910 6.68873 6.88394 7.12108 7.02975 7.01330 7.00598 6.99153 6.98420 6.97523 0.59827 0.04509 5.06630 0.50992
2.55000 7.39915 7.11162 6.79100 6.70266 6.88600 7.10957 7.02782 7.01268 7.00573 6.99213 6.98518 6.97647 0.57348 0.04246 4.99888 0.48055
2.60000 7.38509 7.10998 6.80234 6.71591 6.88797 7.09871 7.02602 7.01207 7.00547 6.99268 6.98609 6.97766 0.54997 0.03999 4.93235 0.45287
2.65000 7.37163 7.10837 6.81313 6.72852 6.88987 7.08848 7.02436 7.01148 7.00522 6.99319 6.98694 6.97881 0.52767 0.03766 4.86671 0.42679
2.70000 7.35875 7.10678 6.82341 6.74052 6.89170 7.07884 7.02282 7.01090 7.00498 6.99365 6.98773 6.97991 0.50653 0.03548 4.80194 0.40221
2.75000 7.34643 7.10523 6.83319 6.75193 6.89347 7.06976 7.02138 7.01035 7.00474 6.99408 6.98847 6.98097 0.48648 0.03342 4.73804 0.37905
2.80000 7.33462 7.10370 6.84249 6.76280 6.89518 7.06120 7.02005 7.00982 7.00451 6.99448 6.98917 6.98198 0.46747 0.03149 4.67499 0.35721
2.85000 7.32333 7.10220 6.85135 6.77315 6.89683 7.05315 7.01880 7.00931 7.00429 6.99484 6.98982 6.98294 0.44946 0.02967 4.61277 0.33664
2.90000 7.31250 7.10073 6.85977 6.78300 6.89844 7.04556 7.01764 7.00882 7.00407 6.99518 6.99043 6.98385 0.43238 0.02795 4.55138 0.31725
2.95000 7.30214 7.09928 6.86777 6.79238 6.90000 7.03843 7.01656 7.00835 7.00387 6.99549 6.99100 6.98473 0.41619 0.02634 4.49081 0.29898
3.00000 7.29221 7.09786 6.87538 6.80131 6.90152 7.03171 7.01555 7.00791 7.00367 6.99578 6.99154 6.98556 0.40084 0.02482 4.43105 0.28176
3.05000 7.28270 7.09647 6.88262 6.80981 6.90300 7.02540 7.01461 7.00748 7.00348 6.99605 6.99204 6.98635 0.38630 0.02338 4.37208 0.26553
3.10000 7.27358 7.09510 6.88949 6.81792 6.90444 7.01947 7.01372 7.00707 7.00329 6.99629 6.99251 6.98710 0.37252 0.02203 4.31390 0.25024
3.15000 7.26484 7.09376 6.89603 6.82563 6.90585 7.01389 7.01290 7.00669 7.00312 6.99653 6.99296 6.98781 0.35945 0.02076 4.25649 0.23583
3.20000 7.25647 7.09244 6.90223 6.83298 6.90723 7.00866 7.01212 7.00632 7.00295 6.99674 6.99337 6.98848 0.34707 0.01957 4.19984 0.22224
3.25000 7.24844 7.09114 6.90813 6.83999 6.90857 7.00374 7.01140 7.00597 7.00279 6.99694 6.99376 6.98912 0.33533 0.01844 4.14395 0.20944
3.30000 7.24073 7.08986 6.91372 6.84666 6.90989 6.99913 7.01072 7.00564 7.00264 6.99713 6.99413 6.98973 0.32420 0.01738 4.08880 0.19738
3.35000 7.23334 7.08861 6.91904 6.85302 6.91117 6.99481 7.01008 7.00533 7.00250 6.99731 6.99448 6.99031 0.31365 0.01637 4.03439 0.18601
3.40000 7.22626 7.08738 6.92408 6.85908 6.91243 6.99076 7.00949 7.00503 7.00236 6.99747 6.99480 6.99085 0.30365 0.01543 3.98070 0.17530
3.45000 7.21945 7.08617 6.92887 6.86486 6.91367 6.98697 7.00893 7.00475 7.00223 6.99762 6.99510 6.99136 0.29416 0.01454 3.92772 0.16520
3.50000 7.21292 7.08498 6.93342 6.87037 6.91488 6.98343 7.00840 7.00449 7.00211 6.99777 6.99539 6.99185 0.28516 0.01370 3.87545 0.15569
3.55000 7.20665 7.08381 6.93773 6.87562 6.91607 6.98012 7.00790 7.00423 7.00199 6.99790 6.99566 6.99231 0.27662 0.01291 3.82387 0.14672
3.60000 7.20063 7.08265 6.94182 6.88063 6.91724 6.97702 7.00744 7.00400 7.00188 6.99803 6.99591 6.99274 0.26851 0.01217 3.77299 0.13827
3.65000 7.19485 7.08152 6.94570 6.88541 6.91839 6.97413 7.00700 7.00377 7.00178 6.99814 6.99615 6.99315 0.26081 0.01147 3.72277 0.13031
3.70000 7.18930 7.08041 6.94937 6.88996 6.91952 6.97144 7.00659 7.00356 7.00168 6.99825 6.99638 6.99354 0.25350 0.01081 3.67323 0.12280
3.75000 7.18396 7.07931 6.95286 6.89431 6.92063 6.96894 7.00621 7.00335 7.00158 6.99836 6.99659 6.99391 0.24655 0.01019 3.62435 0.11573
3.80000 7.17883 7.07823 6.95617 6.89845 6.92172 6.96661 7.00585 7.00316 7.00150 6.99845 6.99678 6.99426 0.23995 0.00960 3.57611 0.10906
3.85000 7.17390 7.07716 6.95930 6.90241 6.92279 6.96445 7.00550 7.00298 7.00141 6.99855 6.99697 6.99458 0.23367 0.00905 3.52852 0.10278
3.90000 7.16915 7.07611 6.96227 6.90618 6.92385 6.96244 7.00518 7.00282 7.00133 6.99863 6.99715 6.99489 0.22769 0.00852 3.48156 0.09686
3.95000 7.16459 7.07508 6.96508 6.90978 6.92488 6.96058 7.00488 7.00265 7.00126 6.99871 6.99731 6.99518 0.22199 0.00803 3.43523 0.09128
4.00000 7.16020 7.07406 6.96774 6.91322 6.92591 6.95887 7.00460 7.00250 7.00118 6.99879 6.99747 6.99546 0.21657 0.00757 3.38952 0.08603
4.05000 7.15597 7.07306 6.97026 6.91651 6.92691 6.95729 7.00433 7.00236 7.00112 6.99886 6.99762 6.99572 0.21139 0.00714 3.34441 0.08107
4.10000 7.15191 7.07207 6.97265 6.91964 6.92790 6.95583 7.00408 7.00223 7.00105 6.99893 6.99775 6.99596 0.20646 0.00672 3.29990 0.07640
4.15000 7.14799 7.07110 6.97490 6.92264 6.92888 6.95449 7.00384 7.00210 7.00099 6.99899 6.99788 6.99619 0.20174 0.00634 3.25598 0.07200
4.20000 7.14421 7.07014 6.97704 6.92550 6.92984 6.95327 7.00362 7.00198 7.00094 6.99905 6.99801 6.99641 0.19724 0.00597 3.21265 0.06786
4.25000 7.14058 7.06920 6.97906 6.92823 6.93079 6.95215 7.00341 7.00187 7.00088 6.99910 6.99812 6.99662 0.19293 0.00563 3.16990 0.06395
4.30000 7.13707 7.06827 6.98097 6.93084 6.93172 6.95113 7.00321 7.00176 7.00083 6.99915 6.99823 6.99681 0.18880 0.00530 3.12771 0.06026
4.35000 7.13370 7.06735 6.98278 6.93333 6.93264 6.95020 7.00303 7.00166 7.00079 6.99920 6.99833 6.99699 0.18485 0.00500 3.08609 0.05679
4.40000 7.13044 7.06645 6.98449 6.93571 6.93355 6.94937 7.00285 7.00156 7.00074 6.99925 6.99843 6.99717 0.18106 0.00471 3.04502 0.05352
4.45000 7.12730 7.06555 6.98610 6.93799 6.93444 6.94862 7.00269 7.00147 7.00070 6.99929 6.99852 6.99733 0.17742 0.00444 3.00450 0.05044
4.50000 7.12426 7.06467 6.98762 6.94017 6.93532 6.94795 7.00253 7.00139 7.00066 6.99933 6.99861 6.99748 0.17392 0.00418 2.96451 0.04754
4.55000 7.12133 7.06381 6.98906 6.94225 6.93619 6.94735 7.00238 7.00131 7.00062 6.99937 6.99869 6.99763 0.17056 0.00394 2.92506 0.04480
4.60000 7.11851 7.06295 6.99042 6.94425 6.93704 6.94683 7.00225 7.00123 7.00059 6.99941 6.99876 6.99776 0.16733 0.00372 2.88613 0.04222
4.65000 7.11578 7.06211 6.99170 6.94615 6.93789 6.94637 7.00212 7.00116 7.00055 6.99944 6.99883 6.99789 0.16421 0.00350 2.84772 0.03979
4.70000 7.11314 7.06128 6.99291 6.94798 6.93872 6.94598 7.00199 7.00110 7.00052 6.99948 6.99890 6.99801 0.16120 0.00330 2.80983 0.03749
4.75000 7.11059 7.06046 6.99404 6.94972 6.93954 6.94565 7.00188 7.00103 7.00049 6.99951 6.99896 6.99813 0.15830 0.00311 2.77243 0.03533
4.80000 7.10813 7.05965 6.99512 6.95139 6.94035 6.94537 7.00177 7.00097 7.00046 6.99953 6.99902 6.99823 0.15550 0.00293 2.73554 0.03330
4.85000 7.10574 7.05885 6.99613 6.95299 6.94115 6.94514 7.00167 7.00092 7.00044 6.99956 6.99908 6.99834 0.15278 0.00276 2.69913 0.03138
4.90000 7.10344 7.05807 6.99708 6.95452 6.94193 6.94497 7.00157 7.00087 7.00041 6.99959 6.99913 6.99843 0.15016 0.00260 2.66321 0.02957
4.95000 7.10120 7.05729 6.99797 6.95599 6.94271 6.94484 7.00148 7.00082 7.00039 6.99961 6.99918 6.99852 0.14762 0.00245 2.62777 0.02787
5.00000 7.09904 7.05653 6.99881 6.95739 6.94347 6.94475 7.00140 7.00077 7.00037 6.99963 6.99923 6.99861 0.14515 0.00231 2.59280 0.02627
5.05000 7.09695 7.05577 6.99960 6.95874 6.94423 6.94471 7.00132 7.00072 7.00034 6.99965 6.99927 6.99869 0.14276 0.00218 2.55829 0.02475
5.10000 7.09492 7.05503 7.00034 6.96003 6.94497 6.94471 7.00124 7.00068 7.00032 6.99967 6.99932 6.99876 0.14043 0.00205 2.52425 0.02333
5.15000 7.09296 7.05429 7.00104 6.96127 6.94571 6.94474 7.00117 7.00064 7.00031 6.99969 6.99936 6.99883 0.13818 0.00193 2.49065 0.02198
5.20000 7.09106 7.05357 7.00169 6.96245 6.94643 6.94480 7.00110 7.00061 7.00029 6.99971 6.99939 6.99890 0.13598 0.00182 2.45751 0.02072
5.25000 7.08921 7.05285 7.00230 6.96359 6.94715 6.94490 7.00104 7.00057 7.00027 6.99973 6.99943 6.99896 0.13384 0.00172 2.42480 0.01952
5.30000 7.08742 7.05215 7.00288 6.96468 6.94785 6.94503 7.00098 7.00054 7.00026 6.99974 6.99946 6.99902 0.13175 0.00162 2.39253 0.01840
5.35000 7.08568 7.05145 7.00341 6.96573 6.94855 6.94518 7.00092 7.00051 7.00024 6.99976 6.99949 6.99908 0.12972 0.00153 2.36069 0.01734
5.40000 7.08400 7.05077 7.00391 6.96673 6.94923 6.94536 7.00087 7.00048 7.00023 6.99977 6.99952 6.99913 0.12774 0.00144 2.32928 0.01634
5.45000 7.08236 7.05009 7.00438 6.96769 6.94991 6.94557 7.00082 7.00045 7.00021 6.99979 6.99955 6.99918 0.12580 0.00136 2.29828 0.01540
5.50000 7.08077 7.04942 7.00482 6.96862 6.95058 6.94580 7.00077 7.00042 7.00020 6.99980 6.99957 6.99923 0.12391 0.00128 2.26769 0.01451
5.55000 7.07922 7.04876 7.00522 6.96951 6.95124 6.94604 7.00073 7.00040 7.00019 6.99981 6.99960 6.99927 0.12207 0.00120 2.23751 0.01368
5.60000 7.07772 7.04811 7.00560 6.97037 6.95189 6.94631 7.00068 7.00038 7.00018 6.99982 6.99962 6.99932 0.12026 0.00113 2.20774 0.01289
5.65000 7.07626 7.04747 7.00595 6.97119 6.95253 6.94660 7.00065 7.00036 7.00017 6.99983 6.99964 6.99936 0.11849 0.00107 2.17836 0.01215
5.70000 7.07484 7.04684 7.00628 6.97198 6.95316 6.94691 7.00061 7.00034 7.00016 6.99984 6.99966 6.99939 0.11676 0.00101 2.14937 0.01145
5.75000 7.07346 7.04622 7.00658 6.97274 6.95378 6.94723 7.00057 7.00032 7.00015 6.99985 6.99968 6.99943 0.11507 0.00095 2.12076 0.01079
5.80000 7.07212 7.04560 7.00686 6.97347 6.95440 6.94756 7.00054 7.00030 7.00014 6.99986 6.99970 6.99946 0.11341 0.00089 2.09254 0.01017
5.85000 7.07081 7.04499 7.00711 6.97417 6.95501 6.94791 7.00051 7.00028 7.00013 6.99987 6.99972 6.99949 0.11178 0.00084 2.06469 0.00958
5.90000 7.06954 7.04439 7.00735 6.97484 6.95561 6.94827 7.00048 7.00026 7.00013 6.99987 6.99974 6.99952 0.11018 0.00079 2.03721 0.00903
5.95000 7.06830 7.04380 7.00757 6.97549 6.95620 6.94864 7.00045 7.00025 7.00012 6.99988 6.99975 6.99955 0.10861 0.00075 2.01010 0.00851
6.00000 7.06709 7.04322 7.00777 6.97612 6.95678 6.94903 7.00043 7.00023 7.00011 6.99989 6.99977 6.99957 0.10708 0.00071 1.98335 0.00802
6.05000 7.06591 7.04264 7.00795 6.97673 6.95736 6.94942 7.00040 7.00022 7.00011 6.99989 6.99978 6.99960 0.10557 0.00067 1.95696 0.00756
6.10000 7.06476 7.04208 7.00811 6.97731 6.95792 6.94982 7.00038 7.00021 7.00010 6.99990 6.99979 6.99962 0.10408 0.00063 1.93091 0.00712
6.15000 7.06364 7.04152 7.00826 6.97787 6.95848 6.95023 7.00036 7.00020 7.00009 6.99991 6.99980 6.99964 0.10263 0.00059 1.90522 0.00671
6.20000 7.06255 7.04096 7.00840 6.97841 6.95904 6.95064 7.00034 7.00019 7.00009 6.99991 6.99981 6.99966 0.10120 0.00056 1.87986 0.00633
6.25000 7.06148 7.04042 7.00852 6.97893 6.95958 6.95107 7.00032 7.00017 7.00008 6.99992 6.99983 6.99968 0.09979 0.00052 1.85485 0.00596
6.30000 7.06044 7.03988 7.00863 6.97943 6.96012 6.95150 7.00030 7.00016 7.00008 6.99992 6.99984 6.99970 0.09841 0.00049 1.83016 0.00562
6.35000 7.05942 7.03935 7.00873 6.97992 6.96065 6.95193 7.00028 7.00016 7.00007 6.99993 6.99984 6.99972 0.09705 0.00047 1.80580 0.00529
6.40000 7.05843 7.03883 7.00881 6.98039 6.96117 6.95237 7.00027 7.00015 7.00007 6.99993 6.99985 6.99974 0.09571 0.00044 1.78177 0.00499
6.45000 7.05746 7.03831 7.00889 6.98084 6.96169 6.95281 7.00025 7.00014 7.00007 6.99993 6.99986 6.99975 0.09439 0.00041 1.75806 0.00470
6.50000 7.05652 7.03780 7.00895 6.98128 6.96220 6.95326 7.00024 7.00013 7.00006 6.99994 6.99987 6.99976 0.09310 0.00039 1.73466 0.00443
6.55000 7.05559 7.03730 7.00900 6.98170 6.96270 6.95370 7.00022 7.00012 7.00006 6.99994 6.99988 6.99978 0.09182 0.00037 1.71158 0.00418
6.60000 7.05469 7.03680 7.00905 6.98211 6.96320 6.95416 7.00021 7.00012 7.00005 6.99995 6.99988 6.99979 0.09057 0.00035 1.68880 0.00394
6.65000 7.05380 7.03631 7.00909 6.98250 6.96369 6.95461 7.00020 7.00011 7.00005 6.99995 6.99989 6.99980 0.08933 0.00033 1.66633 0.00371
6.70000 7.05294 7.03583 7.00911 6.98289 6.96417 6.95506 7.00019 7.00010 7.00005 6.99995 6.99990 6.99981 0.08812 0.00031 1.64415 0.00350
6.75000 7.05209 7.03535 7.00913 6.98326 6.96465 6.95552 7.00017 7.00010 7.00005 6.99995 6.99990 6.99983 0.08692 0.00029 1.62227 0.00329
6.80000 7.05126 7.03488 7.00915 6.98361 6.96512 6.95598 7.00016 7.00009 7.00004 6.99996 6.99991 6.99984 0.08574 0.00027 1.60068 0.00310
6.85000 7.05045 7.03441 7.00915 6.98396 6.96559 6.95643 7.00016 7.00009 7.00004 6.99996 6.99991 6.99984 0.08458 0.00026 1.57938 0.00293
6.90000 7.04966 7.03396 7.00915 6.98430 6.96604 6.95689 7.00015 7.00008 7.00004 6.99996 6.99992 6.99985 0.08343 0.00024 1.55836 0.00276
6.95000 7.04888 7.03350 7.00915 6.98462 6.96650 6.95735 7.00014 7.00008 7.00004 6.99996 6.99992 6.99986 0.08230 0.00023 1.53762 0.00260
7.00000 7.04812 7.03306 7.00914 6.98494 6.96694 6.95781 7.00013 7.00007 7.00003 6.99997 6.99993 6.99987 0.08119 0.00022 1.51716 0.00245
7.05000 7.04738 7.03262 7.00912 6.98524 6.96738 6.95826 7.00012 7.00007 7.00003 6.99997 6.99993 6.99988 0.08010 0.00020 1.49697 0.00231
7.10000 7.04665 7.03218 7.00910 6.98554 6.96782 6.95872 7.00012 7.00006 7.00003 6.99997 6.99994 6.99988 0.07902 0.00019 1.47705 0.00217
7.15000 7.04593 7.03176 7.00907 6.98583 6.96824 6.95917 7.00011 7.00006 7.00003 6.99997 6.99994 6.99989 0.07795 0.00018 1.45739 0.00205
7.20000 7.04523 7.03133 7.00904 6.98610 6.96867 6.95962 7.00010 7.00006 7.00003 6.99997 6.99994 6.99990 0.07690 0.00017 1.43799 0.00193
7.25000 7.04454 7.03092 7.00901 6.98638 6.96908 6.96008 7.00010 7.00005 7.00003 6.99997 6.99995 6.99990 0.07587 0.00016 1.41886 0.00182
7.30000 7.04387 7.03051 7.00897 6.98664 6.96949 6.96053 7.00009 7.00005 7.00002 6.99998 6.99995 6.99991 0.07485 0.00015 1.39998 0.00172
7.35000 7.04320 7.03010 7.00893 6.98689 6.96990 6.96097 7.00009 7.00005 7.00002 6.99998 6.99995 6.99991 0.07384 0.00014 1.38134 0.00162
7.40000 7.04255 7.02970 7.00888 6.98714 6.97030 6.96142 7.00008 7.00004 7.00002 6.99998 6.99996 6.99992 0.07285 0.00013 1.36296 0.00152
7.45000 7.04192 7.02930 7.00884 6.98738 6.97070 6.96186 7.00008 7.00004 7.00002 6.99998 6.99996 6.99992 0.07188 0.00013 1.34482 0.00144
7.50000 7.04129 7.02891 7.00879 6.98762 6.97109 6.96230 7.00007 7.00004 7.00002 6.99998 6.99996 6.99993 0.07091 0.00012 1.32693 0.00135
7.55000 7.04068 7.02853 7.00873 6.98785 6.97147 6.96274 7.00007 7.00004 7.00002 6.99998 6.99996 6.99993 0.06996 0.00011 1.30927 0.00128
7.60000 7.04008 7.02815 7.00868 6.98807 6.97185 6.96317 7.00006 7.00004 7.00002 6.99998 6.99996 6.99994 0.06903 0.00011 1.29184 0.00120
7.65000 7.03949 7.02777 7.00862 6.98829 6.97223 6.96361 7.00006 7.00003 7.00002 6.99998 6.99997 6.99994 0.06810 0.00010 1.27465 0.00113
7.70000 7.03891 7.02740 7.00856 6.98850 6.97260 6.96404 7.00006 7.00003 7.00001 6.99999 6.99997 6.99994 0.06719 0.00009 1.25769 0.00107
7.75000 7.03834 7.02704 7.00850 6.98870 6.97296 6.96446 7.00005 7.00003 7.00001 6.99999 6.99997 6.99995 0.06629 0.00009 1.24095 0.00101
7.80000 7.03778 7.02668 7.00843 6.98890 6.97332 6.96489 7.00005 7.00003 7.00001 6.99999 6.99997 6.99995 0.06541 0.00008 1.22444 0.00095
7.85000 7.03723 7.02632 7.00837 6.98910 6.97368 6.96531 7.00005 7.00003 7.00001 6.99999 6.99997 6.99995 0.06453 0.00008 1.20814 0.00089
7.90000 7.03669 7.02597 7.00830 6.98929 6.97403 6.96572 7.00004 7.00002 7.00001 6.99999 6.99998 6.99996 0.06367 0.00007 1.19206 0.00084
7.95000 7.03616 7.02563 7.00823 6.98947 6.97437 6.96614 7.00004 7.00002 7.00001 6.99999 6.99998 6.99996 0.06282 0.00007 1.17620 0.00079
8.00000 7.03563 7.02529 7.00817 6.98965 6.97471 6.96655 7.00004 7.00002 7.00001 6.99999 6.99998 6.99996 0.06198 0.00007 1.16055 0.00075
8.05000 7.03512 7.02495 7.00810 6.98983 6.97505 6.96695 7.00004 7.00002 7.00001 6.99999 6.99998 6.99996 0.06115 0.00006 1.14510 0.00070
8.10000 7.03462 7.02462 7.00802 6.99000 6.97538 6.96736 7.00004 7.00002 7.00001 6.99999 6.99998 6.99996 0.06034 0.00006 1.12986 0.00066
8.15000 7.03412 7.02429 7.00795 6.99017 6.97571 6.96776 7.00003 7.00002 7.00001 6.99999 6.99998 6.99997 0.05953 0.00006 1.11483 0.00063
8.20000 7.03363 7.02397 7.00788 6.99033 6.97603 6.96815 7.00003 7.00002 7.00001 6.99999 6.99998 6.99997 0.05874 0.00005 1.09999 0.00059
8.25000 7.03315 7.02365 7.00781 6.99049 6.97635 6.96854 7.00003 7.00002 7.00001 6.99999 6.99998 6.99997 0.05795 0.00005 1.08535 0.00056
8.30000 7.03268 7.02333 7.00773 6.99065 6.97667 6.96893 7.00003 7.00002 7.00001 6.99999 6.99998 6.99997 0.05718 0.00005 1.07091 0.00052
8.35000 7.03222 7.02302 7.00766 6.99080 6.97698 6.96932 7.00003 7.00001 7.00001 6.99999 6.99999 6.99997 0.05642 0.00004 1.05665 0.00049
8.40000 7.03176 7.02272 7.00758 6.99095 6.97728 6.96970 7.00002 7.00001 7.00001 6.99999 6.99999 6.99998 0.05567 0.00004 1.04259 0.00047
8.45000 7.03131 7.02242 7.00751 6.99110 6.97758 6.97008 7.00002 7.00001 7.00001 6.99999 6.99999 6.99998 0.05492 0.00004 1.02872 0.00044
8.50000 7.03087 7.02212 7.00743 6.99124 6.97788 6.97045 7.00002 7.00001 7.00001 6.99999 6.99999 6.99998 0.05419 0.00004 1.01503 0.00041
8.55000 7.03044 7.02182 7.00736 6.99138 6.97818 6.97082 7.00002 7.00001 7.00001 6.99999 6.99999 6.99998 0.05347 0.00003 1.00152 0.00039
8.60000 7.03001 7.02153 7.00728 6.99152 6.97847 6.97118 7.00002 7.00001 7.00001 6.99999 6.99999 6.99998 0.05276 0.00003 0.98819 0.00037
8.65000 7.02959 7.02125 7.00721 6.99165 6.97875 6.97155 7.00002 7.00001 7.00000 7.00000 6.99999 6.99998 0.05205 0.00003 0.97504 0.00035
8.70000 7.02918 7.02096 7.00713 6.99179 6.97904 6.97191 7.00002 7.00001 7.00000 7.00000 6.99999 6.99998 0.05136 0.00003 0.96206 0.00033
8.75000 7.02877 7.02068 7.00706 6.99191 6.97932 6.97226 7.00002 7.00001 7.00000 7.00000 6.99999 6.99998 0.05068 0.00003 0.94926 0.00031
8.80000 7.02837 7.02041 7.00698 6.99204 6.97959 6.97261 7.00002 7.00001 7.00000 7.00000 6.99999 6.99998 0.05000 0.00003 0.93663 0.00029
8.85000 7.02797 7.02014 7.00690 6.99216 6.97986 6.97296 7.00001 7.00001 7.00000 7.00000 6.99999 6.99999 0.04933 0.00002 0.92416 0.00027
8.90000 7.02758 7.01987 7.00683 6.99228 6.98013 6.97330 7.00001 7.00001 7.00000 7.00000 6.99999 6.99999 0.04868 0.00002 0.91186 0.00026
8.95000 7.02720 7.01960 7.00675 6.99240 6.98040 6.97364 7.00001 7.00001 7.00000 7.00000 6.99999 6.99999 0.04803 0.00002 0.89973 0.00024
9.00000 7.02683 7.01934 7.00668 6.99252 6.98066 6.97398 7.00001 7.00001 7.00000 7.00000 6.99999 6.99999 0.04739 0.00002 0.88776 0.00023
9.05000 7.02645 7.01909 7.00660 6.99263 6.98091 6.97431 7.00001 7.00001 7.00000 7.00000 6.99999 6.99999 0.04676 0.00002 0.87594 0.00022
9.10000 7.02609 7.01883 7.00653 6.99274 6.98117 6.97464 7.00001 7.00001 7.00000 7.00000 6.99999 6.99999 0.04614 0.00002 0.86428 0.00020
9.15000 7.02573 7.01858 7.00646 6.99285 6.98142 6.97496 7.00001 7.00001 7.00000 7.00000 6.99999 6.99999 0.04552 0.00002 0.85278 0.00019
9.20000 7.02537 7.01833 7.00638 6.99296 6.98167 6.97528 7.00001 7.00001 7.00000 7.00000 6.99999 6.99999 0.04491 0.00002 0.84143 0.00018
9.25000 7.02502 7.01809 7.00631 6.99307 6.98191 6.97560 7.00001 7.00000 7.00000 7.00000 7.00000 6.99999 0.04432 0.00001 0.83024 0.00017
9.30000 7.02468 7.01785 7.00624 6.99317 6.98215 6.97591 7.00001 7.00000 7.00000 7.00000 7.00000 6.99999 0.04373 0.00001 0.81919 0.00016
9.35000 7.02434 7.01761 7.00616 6.99327 6.98239 6.97622 7.00001 7.00000 7.00000 7.00000 7.00000 6.99999 0.04314 0.00001 0.80828 0.00015
9.40000 7.02401 7.01738 7.00609 6.99337 6.98262 6.97653 7.00001 7.00000 7.00000 7.00000 7.00000 6.99999 0.04257 0.00001 0.79753 0.00014
9.45000 7.02368 7.01715 7.00602 6.99347 6.98285 6.97683 7.00001 7.00000 7.00000 7.00000 7.00000 6.99999 0.04200 0.00001 0.78691 0.00013
9.50000 7.02335 7.01692 7.00595 6.99356 6.98308 6.97713 7.00001 7.00000 7.00000 7.00000 7.00000 6.99999 0.04144 0.00001 0.77644 0.00013
9.55000 7.02303 7.01669 7.00588 6.99366 6.98331 6.97743 7.00001 7.00000 7.00000 7.00000 7.00000 6.99999 0.04089 0.00001 0.76611 0.00012
9.60000 7.02272 7.01647 7.00581 6.99375 6.98353 6.97772 7.00001 7.00000 7.00000 7.00000 7.00000 6.99999 0.04035 0.00001 0.75591 0.00011
9.65000 7.02241 7.01625 7.00574 6.99384 6.98375 6.97801 7.00001 7.00000 7.00000 7.00000 7.00000 6.99999 0.03981 0.00001 0.74585 0.00011
9.70000 7.02210 7.01604 7.00567 6.99393 6.98396 6.97829 7.00001 7.00000 7.00000 7.00000 7.00000 6.99999 0.03928 0.00001 0.73593 0.00010
9.75000 7.02180 7.01582 7.00560 6.99402 6.98418 6.97858 7.00000 7.00000 7.00000 7.00000 7.00000 7.00000 0.03876 0.00001 0.72613 0.00009
9.80000 7.02151 7.01561 7.00553 6.99411 6.98439 6.97885 7.00000 7.00000 7.00000 7.00000 7.00000 7.00000 0.03824 0.00001 0.71647 0.00009
9.85000 7.02121 7.01540 7.00547 6.99419 6.98460 6.97913 7.00000 7.00000 7.00000 7.00000 7.00000 7.00000 0.03773 0.00001 0.70694 0.00008
9.90000 7.02092 7.01520 7.00540 6.99427 6.98480 6.97940 7.00000 7.00000 7.00000 7.00000 7.00000 7.00000 0.03723 0.00001 0.69753 0.00008
9.95000 7.02064 7.01500 7.00533 6.99436 6.98500 6.97967 7.00000 7.00000 7.00000 7.00000 7.00000 7.00000 0.03674 0.00001 0.68824 0.00007
10.00000 7.02036 7.01480 7.00527 6.99444 6.98520 6.97993 7.00000 7.00000 7.00000 7.00000 7.00000 7.00000 0.03625 0.00001 0.67909 0.00007
