t sepA sepB sepC dmate eF driftA driftC avA avC rpA rpC conn
0.0000 12.0017 7.3239 12.1342 2.0000 0.0000 0.0000 0.0000 0.0000 0.0000 0.0000 0.0000 1.0000
0.1000 11.8417 7.2176 11.9760 2.0000 0.0000 0.0000 0.0000 0.0000 0.0000 0.0000 0.0000 1.0000
0.2000 11.6817 7.1116 11.8179 2.0000 0.0000 0.0000 0.0000 0.0000 0.0000 0.0000 0.0000 1.0000
0.3000 11.5217 7.0059 11.6598 2.0000 0.0000 0.0000 0.0000 0.0000 0.0000 0.0000 0.0000 1.0000
0.4000 11.3618 6.9006 11.5017 2.0000 0.0000 0.0000 0.0000 0.0000 0.0000 0.0000 0.0000 1.0000
0.5000 11.2018 6.7956 11.3437 2.0000 0.0000 0.0000 0.0000 0.0000 0.0000 0.0000 0.0000 1.0000
0.6000 11.0418 6.6910 11.1858 2.0000 0.0000 0.0000 0.0000 0.0000 0.0000 0.0000 0.0000 1.0000
0.7000 10.8818 6.5868 11.0279 2.0000 0.0000 0.0000 0.0000 0.0000 0.0000 0.0000 0.0000 1.0000
0.8000 10.7219 6.4831 10.8701 2.0000 0.0000 0.0000 0.0000 0.0000 0.0000 0.0000 0.0000 1.0000
0.9000 10.5619 6.3798 10.7123 2.0000 0.0000 0.0000 0.0000 0.0000 0.0000 0.0000 0.0000 1.0000
1.0000 10.4019 6.2769 10.5546 2.0000 0.0000 0.0000 0.0000 0.0000 0.0000 0.0000 0.0000 1.0000
1.1000 10.2420 6.1746 10.3970 2.0000 0.0000 0.0000 0.0000 0.0000 0.0000 0.0000 0.0000 1.0000
1.2000 10.0820 6.0728 10.2395 2.0000 0.0000 0.0000 0.0000 0.0000 0.0000 0.0000 0.0000 1.0000
1.3000 9.9220 5.9715 10.0820 2.0000 0.0000 0.0000 0.0000 0.0000 0.0000 0.0000 0.0000 1.0000
1.4000 9.7620 5.8707 9.9246 2.0000 0.0000 0.0000 0.0000 0.0000 0.0000 0.0000 0.0000 1.0000
1.5000 9.6021 5.7706 9.7673 2.0000 0.0000 0.0000 0.0000 0.0000 0.0000 0.0000 0.0000 1.0000
1.6000 9.4421 5.6711 9.6101 2.0000 0.0000 0.0000 0.0000 0.0000 0.0000 0.0000 0.0000 1.0000
1.7000 9.2822 5.5723 9.4530 2.0000 0.0000 0.0000 0.0000 0.0000 0.0000 0.0000 0.0000 1.0000
1.8000 9.1222 5.4742 9.2959 2.0000 0.0000 0.0000 0.0000 0.0000 0.0000 0.0000 0.0000 1.0000
1.9000 8.9622 5.3768 9.1390 2.0000 0.0000 0.0000 0.0000 0.0000 0.0000 0.0000 0.0000 1.0000
2.0000 8.8023 5.2802 8.9822 2.0000 0.0000 0.0000 0.0000 0.0000 0.0000 0.0000 0.0000 1.0000
2.1000 8.6423 5.1844 8.8255 2.0000 0.0000 0.0000 0.0000 0.0000 0.0000 0.0000 0.0000 1.0000
2.2000 8.4824 5.0894 8.6689 2.0000 0.0000 0.0000 0.0000 0.0000 0.0000 0.0000 0.0000 1.0000
2.3000 8.3224 4.9954 8.5125 2.0000 0.0000 0.0000 0.0000 0.0000 0.0000 0.0000 0.0000 1.0000
2.4000 8.1625 4.9024 8.3562 2.0000 0.0000 0.0000 0.0000 0.0000 0.0000 0.0000 0.0000 1.0000
2.5000 8.0025 4.8104 8.2000 2.0000 0.0000 0.0000 0.0000 0.0000 0.0000 0.0000 0.0000 1.0000
2.6000 7.8426 4.7195 8.0440 2.0000 0.0000 0.0000 0.0000 0.0000 0.0000 0.0000 0.0000 1.0000
2.7000 7.6826 4.6287 7.8900 2.0016 0.0022 0.0000 0.0022 0.0000 0.0000 0.0000 0.0000 1.0000
2.8000 7.5227 4.5383 7.7383 2.0046 0.0068 0.0000 0.0068 0.0000 0.0000 0.0000 0.0000 1.0000
2.9000 7.3627 4.4484 7.5889 2.0090 0.0135 0.0000 0.0135 0.0000 0.0000 0.0000 0.0000 1.0000
3.0000 7.2028 4.3591 7.4418 2.0144 0.0224 0.0000 0.0224 0.0000 0.0000 0.0000 0.0000 1.0000
3.1000 7.0428 4.2706 7.2971 2.0209 0.0335 0.0000 0.0335 0.0000 0.0000 0.0000 0.0000 1.0000
3.2000 6.8829 4.1831 7.1547 2.0285 0.0466 0.0000 0.0466 0.0000 0.0000 0.0000 0.0000 1.0000
3.3000 6.7230 4.0968 7.0145 2.0372 0.0618 0.0000 0.0618 0.0000 0.0000 0.0000 0.0000 1.0000
3.4000 6.5630 4.0123 6.8761 2.0474 0.0787 0.0000 0.0787 0.0000 0.0000 0.0000 0.0000 1.0000
3.5000 6.4031 3.9312 6.7381 2.0603 0.0967 0.0000 0.0967 1.0000 0.0000 0.0000 0.0000 1.0000
3.6000 6.2442 3.8584 6.5949 2.0765 0.1108 0.0010 0.1116 1.0000 0.0000 0.0000 0.0000 1.0000
3.7000 6.0920 3.7984 6.4311 2.0835 0.1028 0.0089 0.1069 1.0000 0.0000 0.0000 0.0000 1.0000
3.8000 5.9430 3.7385 6.2642 2.0843 0.0912 0.0197 0.0981 1.0000 0.0000 0.0000 0.0000 1.0000
3.9000 5.7992 3.6791 6.0986 2.0860 0.0862 0.0358 0.0916 1.0000 0.0000 0.0000 0.0000 1.0000
4.0000 5.6562 3.6203 5.9344 2.0560 0.0944 0.0530 0.0878 1.0000 0.0000 0.0000 0.0000 1.0000
4.1000 5.5222 3.5622 5.7715 1.9673 0.1199 0.0798 0.0864 1.0000 0.0000 0.0000 0.0000 1.0000
4.2000 5.3856 3.5052 5.6101 1.8811 0.1504 0.1043 0.0875 1.0000 0.0000 0.0000 0.0000 1.0000
4.3000 5.2500 3.4493 5.4501 1.8018 0.1857 0.1307 0.0906 1.0000 1.0000 0.0000 0.0000 1.0000
4.4000 5.1130 3.3946 5.2896 1.7280 0.2235 0.1570 0.0946 1.0000 1.0000 0.0000 0.0000 1.0000
4.5000 4.9765 3.3415 5.1317 1.6623 0.2617 0.1841 0.1005 1.0000 1.0000 0.0000 0.0000 1.0000
4.6000 4.8402 3.2899 4.9759 1.6054 0.3008 0.2123 0.1075 1.0000 1.0000 0.0000 0.0000 1.0000
4.7000 4.7035 3.2394 4.8223 1.5584 0.3401 0.2408 0.1152 1.0000 1.0000 0.0000 0.0000 1.0000
4.8000 4.5639 3.1898 4.6705 1.5200 0.3775 0.2675 0.1233 1.0000 1.0000 0.0000 0.0000 1.0000
4.9000 4.4270 3.1403 4.5207 1.4996 0.4220 0.3008 0.1199 1.0000 0.0000 0.0000 1.0000 1.0000
5.0000 4.2921 3.0849 4.4531 1.4959 0.4558 0.3358 0.1665 1.0000 1.0000 0.0000 0.0000 1.0000
5.1000 4.1592 3.0260 4.4183 1.4764 0.4889 0.3722 0.2193 1.0000 1.0000 0.0000 0.0000 1.0000
5.2000 4.0281 2.9678 4.3924 1.4635 0.4927 0.4096 0.2293 1.0000 1.0000 0.0000 0.0000 1.0000
5.3000 3.8988 2.9102 4.3405 1.4572 0.4733 0.4478 0.1960 1.0000 1.0000 0.0000 0.0000 1.0000
5.4000 3.7712 2.8534 4.2687 1.4571 0.4647 0.4868 0.1568 1.0000 1.0000 0.0000 0.0000 1.0000
5.5000 3.6452 2.7973 4.1950 1.4630 0.4739 0.5265 0.1255 1.0000 1.0000 0.0000 0.0000 1.0000
5.6000 3.5208 2.7420 4.1254 1.4747 0.4968 0.5666 0.1004 1.0000 1.0000 0.0000 0.0000 1.0000
5.7000 3.3978 2.6875 4.0514 1.4917 0.5248 0.6073 0.0760 1.0000 1.0000 0.0000 0.0000 1.0000
5.8000 3.2763 2.6340 3.9753 1.4931 0.5559 0.6484 0.0537 1.0000 1.0000 0.0000 0.0000 1.0000
5.9000 3.1562 2.5814 3.8981 1.4451 0.5891 0.6899 0.0380 1.0000 1.0000 0.0000 0.0000 1.0000
6.0000 3.0375 2.5298 3.8204 1.3972 0.6239 0.7317 0.0385 1.0000 0.0000 0.0000 1.0000 1.0000
6.1000 2.9203 2.4627 3.7413 1.3739 0.6573 0.7738 0.0545 1.0000 0.0000 0.0000 1.0000 1.0000
6.2000 2.8046 2.3971 3.6633 1.3541 0.6939 0.8163 0.0782 1.0000 0.0000 0.0000 1.0000 1.0000
6.3000 2.6923 2.3338 3.5871 1.3361 0.7328 0.8608 0.1021 1.0000 0.0000 0.0000 1.0000 1.0000
6.4000 2.5846 2.2729 3.5135 1.3197 0.7736 0.9084 0.1238 1.0000 0.0000 0.0000 1.0000 1.0000
6.5000 2.4821 2.2145 3.4439 1.3053 0.8167 0.9592 0.1418 1.0000 0.0000 0.0000 1.0000 1.0000
6.6000 2.3850 2.1589 3.3798 1.2936 0.8629 1.0135 0.1542 1.0000 0.0000 0.0000 1.0000 1.0000
6.7000 2.2937 2.1007 3.3236 1.2870 0.9140 1.0713 0.1588 1.0000 0.0000 0.0000 1.0000 1.0000
6.8000 2.2086 2.0480 3.2795 1.2795 0.9733 1.1330 0.1516 1.0000 0.0000 0.0000 1.0000 1.0000
6.9000 2.1297 2.0169 3.2554 1.2688 1.0486 1.1983 0.1245 1.0000 0.0000 0.0000 1.0000 1.0000
7.0000 2.0569 2.0005 3.2764 1.2920 1.1644 1.2673 0.0524 1.0000 0.0000 0.0000 0.0000 1.0000
7.1000 1.9900 1.9895 3.2420 1.2554 1.2171 1.3398 0.0550 1.0000 0.0000 0.0000 0.0000 1.0000
7.2000 1.9284 1.9843 3.1660 1.1822 1.2247 1.4156 0.0960 1.0000 0.0000 0.0000 0.0000 1.0000
7.3000 1.8715 1.9854 3.0852 1.1089 1.2235 1.4942 0.1268 1.0000 0.0000 0.0000 0.0000 1.0000
7.4000 1.8186 1.9930 3.0031 1.0382 1.2169 1.5752 0.1518 1.0000 0.0000 0.0000 0.0000 1.0000
7.5000 1.7689 2.0072 2.9218 0.9716 1.2068 1.6584 0.1745 1.0000 0.0000 0.0000 0.0000 1.0000
7.6000 1.7219 2.0280 2.8439 0.9132 1.1964 1.7433 0.1961 1.0000 0.0000 0.0000 0.0000 1.0000
7.7000 1.6771 2.0554 2.7849 0.8730 1.2017 1.8297 0.2007 1.0000 0.0000 0.0000 0.0000 1.0000
7.8000 1.6342 2.0890 2.7413 0.8458 1.2196 1.9174 0.1957 1.0000 0.0000 0.0000 0.0000 1.0000
7.9000 1.5929 2.1286 2.7103 0.8277 1.2477 2.0060 0.1890 1.0000 0.0000 0.0000 0.0000 1.0000
8.0000 1.5532 2.1740 2.6900 0.8161 1.2843 2.0956 0.1888 1.0000 0.0000 0.0000 0.0000 1.0000
8.1000 1.5149 2.2247 2.6704 0.8068 1.3192 2.1860 0.2103 1.0000 0.0000 0.0000 0.0000 1.0000
8.2000 1.4782 2.2804 2.6513 0.8004 1.3524 2.2771 0.2430 1.0000 0.0000 0.0000 0.0000 1.0000
8.3000 1.4431 2.3408 2.6328 0.7978 1.3838 2.3688 0.2845 1.0000 0.0000 0.0000 0.0000 1.0000
8.4000 1.4096 2.4055 2.6150 0.7996 1.4138 2.4611 0.3324 1.0000 0.0000 0.0000 0.0000 1.0000
8.5000 1.3779 2.4740 2.5981 0.8063 1.4424 2.5538 0.3852 1.0000 0.0000 0.0000 0.0000 1.0000
8.6000 1.3481 2.5462 2.5821 0.8184 1.4696 2.6471 0.4421 1.0000 0.0000 0.0000 0.0000 1.0000
8.7000 1.3202 2.6217 2.5641 0.8279 1.4927 2.7407 0.5050 1.0000 0.0000 0.0000 0.0000 1.0000
8.8000 1.4415 2.7002 2.5440 0.8359 1.5954 2.9399 0.5735 1.0000 0.0000 0.0000 0.0000 1.0000
8.9000 1.5652 2.7814 2.5180 0.8508 1.7087 3.1371 0.6516 1.0000 0.0000 0.0000 0.0000 1.0000
9.0000 1.6113 2.8651 2.4856 0.8751 1.8188 3.2207 0.7400 1.0000 0.0000 0.0000 0.0000 1.0000
9.1000 1.6085 2.9511 2.4464 0.9067 1.8405 0.3496 0.7027 0.0000 0.0000 1.0000 0.0000 1.0000
9.2000 1.5685 3.0392 2.4059 0.9474 1.7967 0.3160 0.6732 0.0000 0.0000 1.0000 0.0000 1.0000
9.3000 1.5174 3.1291 2.3686 0.9974 1.7489 0.2765 0.6475 0.0000 0.0000 1.0000 0.0000 1.0000
9.4000 1.4675 3.2208 2.3352 1.0559 1.7015 0.2370 0.6252 0.0000 0.0000 1.0000 0.0000 1.0000
9.5000 1.4189 3.3141 2.3065 1.1226 1.6549 0.1975 0.6060 0.0000 0.0000 1.0000 0.0000 1.0000
9.6000 1.3717 3.4089 2.2830 1.1968 1.6096 0.1580 0.5896 0.0000 0.0000 1.0000 0.0000 1.0000
9.7000 1.3260 3.4850 2.2653 1.2578 1.5659 0.1185 0.5760 0.0000 0.0000 1.0000 0.0000 1.0000
9.8000 1.2820 3.5463 2.2535 1.3084 1.5244 0.0790 0.5651 0.0000 0.0000 1.0000 0.0000 1.0000
9.9000 1.2400 3.5959 2.2480 1.3511 1.4852 0.0395 0.5569 0.0000 0.0000 1.0000 0.0000 1.0000
10.0000 1.2000 3.6363 2.2488 1.3877 1.4488 0.0000 0.5515 0.0000 0.0000 0.0000 0.0000 1.0000
10.1000 1.2232 3.6696 2.2558 1.4200 1.4777 0.0807 0.5489 0.0000 0.0000 0.0000 0.0000 1.0000
10.2000 1.3264 3.6972 2.2658 1.4521 1.5814 0.0798 0.5525 0.0000 0.0000 0.0000 0.0000 1.0000
10.3000 1.4320 3.7206 2.2752 1.4887 1.6794 0.0791 0.5657 0.0000 0.0000 0.0000 0.0000 1.0000
10.4000 1.5393 3.7407 2.2847 1.5295 1.7724 0.0786 0.5875 0.0000 0.0000 0.0000 0.0000 1.0000
10.5000 1.6480 3.7584 2.2949 1.5741 1.8607 0.0783 0.6172 0.0000 0.0000 0.0000 0.0000 1.0000
10.6000 1.7578 3.7743 2.3060 1.6221 1.9449 0.0781 0.6540 0.0000 0.0000 0.0000 0.0000 1.0000
10.7000 1.8688 3.7890 2.3185 1.6732 2.0163 0.0831 0.6972 0.0000 0.0000 0.0000 0.0000 1.0000
10.8000 1.9672 3.8030 2.3330 1.7271 2.0619 0.1170 0.7457 0.0000 0.0000 0.0000 0.0000 1.0000
10.9000 2.0576 3.8164 2.3511 1.7827 2.0874 0.1759 0.7978 0.0000 0.0000 0.0000 0.0000 1.0000
11.0000 2.1437 3.8297 2.3738 1.8394 2.0973 0.2528 0.8519 0.0000 0.0000 0.0000 0.0000 1.0000
11.1000 2.2282 3.8430 2.4018 1.8969 2.0955 0.2023 0.9071 0.0000 0.0000 0.0000 0.0000 1.0000
11.2000 2.3131 3.8566 2.4359 1.9547 2.0849 0.1618 0.9626 0.0000 0.0000 0.0000 0.0000 1.0000
11.3000 2.3999 3.8704 2.4764 2.0127 2.0679 0.1294 1.0176 0.0000 0.0000 0.0000 0.0000 1.0000
11.4000 2.4897 3.8847 2.5233 2.0708 2.0463 0.1036 1.0718 0.0000 0.0000 0.0000 0.0000 1.0000
11.5000 2.5830 3.8995 2.5768 2.1290 2.0216 0.0828 1.1248 0.0000 0.0000 0.0000 0.0000 1.0000
11.6000 2.6802 3.9149 2.6367 2.1872 1.9948 0.0663 1.1763 0.0000 0.0000 0.0000 0.0000 1.0000
11.7000 2.7814 3.9310 2.7029 2.2463 1.9663 0.0530 1.2265 0.0000 0.0000 0.0000 0.0000 1.0000
11.8000 2.8867 3.9477 2.7752 2.3064 1.9368 0.0424 1.2751 0.0000 0.0000 0.0000 0.0000 1.0000
11.9000 2.9958 3.9651 2.8535 2.3675 1.9066 0.0339 1.3221 0.0000 0.0000 0.0000 0.0000 1.0000
12.0000 3.1087 3.9832 2.9375 2.4297 1.8761 0.0271 1.3676 0.0000 0.0000 0.0000 0.0000 1.0000
12.1000 3.2251 4.0020 3.0269 2.4932 1.8456 0.0217 1.2720 0.0000 0.0000 0.0000 0.0000 1.0000
12.2000 3.3447 4.0216 3.1215 2.5581 1.8151 0.0174 1.1752 0.0000 0.0000 0.0000 0.0000 1.0000
12.3000 3.4673 4.0419 3.2210 2.6246 1.7846 0.0139 1.0774 0.0000 0.0000 0.0000 0.0000 1.0000
12.4000 3.5928 4.0630 3.3252 2.6929 1.7541 0.0111 0.9791 0.0000 0.0000 0.0000 0.0000 1.0000
12.5000 3.7207 4.0848 3.4339 2.7633 1.7232 0.0089 0.8807 0.0000 0.0000 0.0000 0.0000 1.0000
12.6000 3.8510 4.1073 3.5468 2.8364 1.6917 0.0071 0.7833 0.0000 0.0000 0.0000 0.0000 1.0000
12.7000 3.9833 4.1305 3.6628 2.9065 1.6642 0.0057 0.6848 0.0000 0.0000 0.0000 0.0000 1.0000
12.8000 4.1176 4.1545 3.7817 2.9747 1.6397 0.0046 0.5866 0.0000 0.0000 0.0000 0.0000 1.0000
12.9000 4.2537 4.1792 3.9030 3.0419 1.6177 0.0036 0.4908 0.0000 0.0000 0.0000 0.0000 1.0000
13.0000 4.3914 4.2046 4.0267 3.1086 1.5977 0.0029 0.4010 0.0000 0.0000 0.0000 0.0000 1.0000
13.1000 4.5305 4.2306 4.1526 3.1752 1.5794 0.0023 0.4217 0.0000 0.0000 0.0000 0.0000 1.0000
13.2000 4.6710 4.2574 4.2805 3.2419 1.5625 0.0019 0.4417 0.0000 0.0000 0.0000 0.0000 1.0000
13.3000 4.8126 4.2848 4.4104 3.3090 1.5470 0.0015 0.4610 0.0000 0.0000 0.0000 0.0000 1.0000
13.4000 4.9554 4.3129 4.5420 3.3765 1.5326 0.0012 0.4796 0.0000 0.0000 0.0000 0.0000 1.0000
13.5000 5.0992 4.3416 4.6752 3.4446 1.5193 0.0010 0.4974 0.0000 0.0000 0.0000 0.0000 1.0000
13.6000 5.2440 4.3709 4.8100 3.5038 1.5070 0.0008 0.5146 0.0000 0.0000 0.0000 0.0000 1.0000
13.7000 5.3896 4.4009 4.9463 3.4915 1.4955 0.0006 0.5311 0.0000 0.0000 0.0000 0.0000 1.0000
13.8000 5.5361 4.4315 5.0839 3.4799 1.4848 0.0005 0.5470 0.0000 0.0000 0.0000 0.0000 1.0000
13.9000 5.6832 4.4627 5.2228 3.4690 1.4749 0.0004 0.5622 0.0000 0.0000 0.0000 0.0000 1.0000
14.0000 5.8310 4.4944 5.3629 3.4588 1.4656 0.0003 0.5767 0.0000 0.0000 0.0000 0.0000 1.0000
14.1000 5.9795 4.5268 5.5041 3.4491 1.4570 0.0003 0.5907 0.0000 0.0000 0.0000 0.0000 1.0000
14.2000 6.1286 4.5596 5.6463 3.4400 1.4489 0.0002 0.6040 0.0000 0.0000 0.0000 0.0000 1.0000
14.3000 6.2781 4.5931 5.7895 3.4315 1.4414 0.0002 0.6167 0.0000 0.0000 0.0000 0.0000 1.0000
14.4000 6.4282 4.6270 5.9336 3.4234 1.4344 0.0001 0.6289 0.0000 0.0000 0.0000 0.0000 1.0000
14.5000 6.5788 4.6615 6.0786 3.4157 1.4278 0.0001 0.6405 0.0000 0.0000 0.0000 0.0000 1.0000
14.6000 6.7298 4.6965 6.2245 3.4085 1.4217 0.0001 0.6516 0.0000 0.0000 0.0000 0.0000 1.0000
14.7000 6.8812 4.7321 6.3710 3.4017 1.4160 0.0001 0.6621 0.0000 0.0000 0.0000 0.0000 1.0000
14.8000 7.0330 4.7681 6.5183 3.3952 1.4106 0.0001 0.6722 0.0000 0.0000 0.0000 0.0000 1.0000
14.9000 7.1851 4.8045 6.6663 3.3892 1.4056 0.0000 0.6818 0.0000 0.0000 0.0000 0.0000 1.0000
15.0000 7.3376 4.8415 6.8149 3.3834 1.4009 0.0000 0.6909 0.0000 0.0000 0.0000 0.0000 1.0000
15.1000 7.4904 4.8789 6.9641 3.3780 1.3964 0.0000 0.6997 0.0000 0.0000 0.0000 0.0000 1.0000
15.2000 7.6435 4.9167 7.1138 3.3728 1.3923 0.0000 0.7080 0.0000 0.0000 0.0000 0.0000 1.0000
15.3000 7.7968 4.9550 7.2641 3.3679 1.3884 0.0000 0.7159 0.0000 0.0000 0.0000 0.0000 1.0000
15.4000 7.9505 4.9938 7.4149 3.3633 1.3848 0.0000 0.7234 0.0000 0.0000 0.0000 0.0000 1.0000
15.5000 8.1043 5.0329 7.5661 3.3589 1.3814 0.0000 0.7306 0.0000 0.0000 0.0000 0.0000 1.0000
15.6000 8.2584 5.0724 7.7179 3.3548 1.3781 0.0000 0.7374 0.0000 0.0000 0.0000 0.0000 1.0000
15.7000 8.4128 5.1124 7.8700 3.3509 1.3751 0.0000 0.7439 0.0000 0.0000 0.0000 0.0000 1.0000
15.8000 8.5673 5.1527 8.0225 3.3472 1.3723 0.0000 0.7501 0.0000 0.0000 0.0000 0.0000 1.0000
15.9000 8.7220 5.1934 8.1754 3.3437 1.3696 0.0000 0.7560 0.0000 0.0000 0.0000 0.0000 1.0000
16.0000 8.8769 5.2345 8.3286 3.3404 1.3671 0.0000 0.7616 0.0000 0.0000 0.0000 0.0000 1.0000
16.1000 9.0320 5.2759 8.4822 3.3372 1.3647 0.0000 0.7669 0.0000 0.0000 0.0000 0.0000 1.0000
16.2000 9.1873 5.3177 8.6361 3.3342 1.3625 0.0000 0.7719 0.0000 0.0000 0.0000 0.0000 1.0000
16.3000 9.3427 5.3599 8.7903 3.3314 1.3604 0.0000 0.7768 0.0000 0.0000 0.0000 0.0000 1.0000
16.4000 9.4983 5.4024 8.9448 3.3287 1.3584 0.0000 0.7813 0.0000 0.0000 0.0000 0.0000 1.0000
16.5000 9.6540 5.4452 9.0996 3.3262 1.3566 0.0000 0.7857 0.0000 0.0000 0.0000 0.0000 1.0000
16.6000 9.8099 5.4883 9.2546 3.3237 1.3548 0.0000 0.7898 0.0000 0.0000 0.0000 0.0000 1.0000
16.7000 9.9659 5.5318 9.4098 3.3215 1.3532 0.0000 0.7938 0.0000 0.0000 0.0000 0.0000 1.0000
16.8000 10.1220 5.5755 9.5653 3.3193 1.3516 0.0000 0.7975 0.0000 0.0000 0.0000 0.0000 1.0000
16.9000 10.2782 5.6196 9.7210 3.3172 1.3501 0.0000 0.8011 0.0000 0.0000 0.0000 0.0000 1.0000
17.0000 10.4346 5.6639 9.8769 3.3153 1.3487 0.0000 0.8045 0.0000 0.0000 0.0000 0.0000 1.0000
17.1000 10.5910 5.7086 10.0330 3.3134 1.3474 0.0000 0.8077 0.0000 0.0000 0.0000 0.0000 1.0000
17.2000 10.7476 5.7535 10.1892 3.3117 1.3462 0.0000 0.8107 0.0000 0.0000 0.0000 0.0000 1.0000
17.3000 10.9042 5.7987 10.3457 3.3100 1.3450 0.0000 0.8136 0.0000 0.0000 0.0000 0.0000 1.0000
17.4000 11.0610 5.8441 10.5023 3.3084 1.3439 0.0000 0.8164 0.0000 0.0000 0.0000 0.0000 1.0000
17.5000 11.2178 5.8898 10.6591 3.3069 1.3429 0.0000 0.8190 0.0000 0.0000 0.0000 0.0000 1.0000
17.6000 11.3748 5.9358 10.8160 3.3055 1.3419 0.0000 0.8215 0.0000 0.0000 0.0000 0.0000 1.0000
17.7000 11.5084 5.9820 10.9697 3.2868 1.3213 0.0283 0.8219 0.0000 0.0000 0.0000 0.0000 1.0000
17.8000 11.6234 6.0285 11.1191 3.2562 1.2873 0.0792 0.8202 0.0000 0.0000 0.0000 0.0000 1.0000
17.9000 11.7239 6.0752 11.2633 3.2178 1.2448 0.1482 0.8170 0.0000 0.0000 0.0000 0.0000 1.0000
18.0000 11.8130 6.1221 11.4016 3.1748 1.1972 0.2317 0.8132 0.0000 0.0000 0.0000 0.0000 1.0000
18.1000 11.8930 6.1692 11.5739 3.1786 1.1912 0.1854 0.6921 0.0000 0.0000 0.0000 0.0000 1.0000
18.2000 11.9662 6.2166 11.7202 3.1626 1.1698 0.1483 0.6000 0.0000 0.0000 0.0000 0.0000 1.0000
18.3000 12.0339 6.2642 11.8466 3.1312 1.1354 0.1186 0.5292 0.0000 0.0000 0.0000 0.0000 1.0000
18.4000 12.0976 6.3120 11.9579 3.0879 1.0905 0.0949 0.4738 0.0000 0.0000 0.0000 0.0000 1.0000
18.5000 12.1583 6.3600 12.0577 3.0357 1.0372 0.0759 0.4292 0.0000 0.0000 0.0000 0.0000 1.0000
18.6000 12.2167 6.4082 12.1486 2.9766 0.9776 0.0607 0.3924 0.0000 0.0000 0.0000 0.0000 1.0000
18.7000 12.2735 6.4567 12.2327 2.9124 0.9130 0.0486 0.3610 0.0000 0.0000 0.0000 0.0000 1.0000
18.8000 12.3291 6.5053 12.3117 2.8443 0.8446 0.0389 0.3332 0.0000 0.0000 0.0000 0.0000 1.0000
18.9000 12.3841 6.5541 12.3869 2.7735 0.7737 0.0311 0.3078 0.0000 0.0000 0.0000 0.0000 1.0000
19.0000 12.4385 6.6030 12.4600 2.7036 0.7037 0.0244 0.2818 0.0000 0.0000 0.0000 0.0000 1.0000
19.1000 12.4925 6.6522 12.5317 2.6361 0.6361 0.0184 0.2546 0.0000 0.0000 0.0000 0.0000 1.0000
19.2000 12.5461 6.7015 12.6025 2.5708 0.5708 0.0140 0.2262 0.0000 0.0000 0.0000 0.0000 1.0000
19.3000 12.5996 6.7510 12.6728 2.5075 0.5075 0.0135 0.1968 0.0000 0.0000 0.0000 0.0000 1.0000
19.4000 12.6530 6.8007 12.7430 2.4461 0.4462 0.0181 0.1664 0.0000 0.0000 0.0000 0.0000 1.0000
19.5000 12.7066 6.8505 12.8138 2.3863 0.3867 0.0258 0.1355 0.0000 0.0000 0.0000 0.0000 1.0000
19.6000 12.7600 6.9006 12.8859 2.3276 0.3287 0.0351 0.1049 0.0000 0.0000 0.0000 0.0000 1.0000
19.7000 12.8191 6.9507 12.9608 2.2720 0.2743 0.0468 0.0776 0.0000 0.0000 0.0000 0.0000 1.0000
19.8000 12.8788 7.0010 13.0327 2.2359 0.2394 0.0767 0.0526 0.0000 0.0000 0.0000 0.0000 1.0000
19.9000 12.9389 7.0515 13.0927 2.2075 0.2107 0.1211 0.0332 0.0000 0.0000 0.0000 0.0000 1.0000
20.0000 12.9991 7.1021 13.1444 2.1784 0.1803 0.1768 0.0204 0.0000 0.0000 0.0000 0.0000 1.0000
